
Generated random load balanced config: 
0 7 13 17 19 22 25 27 34 43 45 50 51 56 65 75 82 84 85 87 	2 5 10 12 16 23 24 28 29 36 40 48 60 61 66 67 70 71 73 76 	3 4 9 14 21 37 38 41 42 44 47 52 54 72 89 90 92 95 97 99 	1 8 11 20 32 35 39 53 55 58 59 69 80 86 88 91 93 94 96 98 	6 15 18 26 30 31 33 46 49 57 62 63 64 68 74 77 78 79 81 83 	
Avg Random p50: 1800
Query Size: 2 Avg Random p99: 6800
Avg Random p999: 9800
Random Throughput: 1754.633768453264
Generated parallel-maximising load balanced config: 
10 13 16 23 28 31 35 39 42 46 52 55 71 74 79 82 88 92 95 99 	0 4 7 12 22 26 33 43 50 58 63 66 70 73 76 81 87 91 94 97 	3 9 17 20 27 30 34 37 44 48 51 56 59 62 67 72 78 85 89 93 	2 5 8 11 15 19 25 32 38 41 45 49 53 61 64 68 75 80 84 98 	1 6 14 18 21 24 29 36 40 47 54 57 60 65 69 77 83 86 90 96 	
Avg LB p50: 1800
Query Size: 2 Avg LB p99: 6000
Avg LB p999: 9000
LB Throughput: 1754.633768453264

Generated random load balanced config: 
0 3 11 20 23 33 36 42 54 55 56 57 67 68 72 74 75 91 92 99 	4 5 10 25 28 29 44 47 49 53 61 62 69 70 71 84 88 94 96 97 	7 13 14 19 30 46 50 51 52 58 76 77 78 79 80 81 82 83 85 86 	2 6 9 16 22 31 32 34 37 39 45 60 64 65 87 89 90 93 95 98 	1 8 12 15 17 18 21 24 26 27 35 38 40 41 43 48 59 63 66 73 	
Avg Random p50: 1800
Query Size: 2 Avg Random p99: 7400
Avg Random p999: 11400
Random Throughput: 1761.883241759452
Generated parallel-maximising load balanced config: 
10 13 16 23 28 31 35 39 42 46 52 55 71 74 79 82 88 92 95 99 	0 4 7 12 22 26 33 43 50 58 63 66 70 73 76 81 87 91 94 97 	3 9 17 20 27 30 34 37 44 48 51 56 59 62 67 72 78 85 89 93 	2 5 8 11 15 19 25 32 38 41 45 49 53 61 64 68 75 80 84 98 	1 6 14 18 21 24 29 36 40 47 54 57 60 65 69 77 83 86 90 96 	
Avg LB p50: 1600
Query Size: 2 Avg LB p99: 6200
Avg LB p999: 9000
LB Throughput: 1761.883241759452

Generated random load balanced config: 
1 2 3 9 11 13 16 17 20 21 26 32 38 41 43 73 77 80 81 87 	6 10 15 23 27 33 50 54 60 72 85 90 92 93 94 95 96 97 98 99 	4 5 8 19 34 35 37 40 42 52 56 57 59 61 66 68 74 75 82 86 	0 7 22 24 28 31 47 53 58 62 64 67 69 70 78 79 84 88 89 91 	12 14 18 25 29 30 36 39 44 45 46 48 49 51 55 63 65 71 76 83 	
Avg Random p50: 1800
Query Size: 2 Avg Random p99: 7200
Avg Random p999: 10400
Random Throughput: 1758.5795601177017
Generated parallel-maximising load balanced config: 
10 13 16 23 28 31 35 39 42 46 52 55 71 74 79 82 88 92 95 99 	0 4 7 12 22 26 33 43 50 58 63 66 70 73 76 81 87 91 94 97 	3 9 17 20 27 30 34 37 44 48 51 56 59 62 67 72 78 85 89 93 	2 5 8 11 15 19 25 32 38 41 45 49 53 61 64 68 75 80 84 98 	1 6 14 18 21 24 29 36 40 47 54 57 60 65 69 77 83 86 90 96 	
Avg LB p50: 1800
Query Size: 2 Avg LB p99: 6000
Avg LB p999: 8200
LB Throughput: 1758.5795601177017

Generated random load balanced config: 
2 3 9 10 12 16 21 31 33 40 42 51 59 64 70 76 79 80 83 84 	1 7 17 24 27 34 36 39 47 55 56 69 73 74 82 85 86 87 88 89 	6 15 18 19 20 23 29 30 32 43 44 52 57 61 62 63 65 67 71 81 	4 5 8 13 22 25 26 45 53 54 60 72 77 78 91 93 94 97 98 99 	0 11 14 28 35 37 38 41 46 48 49 50 58 66 68 75 90 92 95 96 	
Avg Random p50: 1800
Query Size: 2 Avg Random p99: 7600
Avg Random p999: 10400
Random Throughput: 1759.5573657490722
Generated parallel-maximising load balanced config: 
10 13 16 23 28 31 35 39 42 46 52 55 71 74 79 82 88 92 95 99 	0 4 7 12 22 26 33 43 50 58 63 66 70 73 76 81 87 91 94 97 	3 9 17 20 27 30 34 37 44 48 51 56 59 62 67 72 78 85 89 93 	2 5 8 11 15 19 25 32 38 41 45 49 53 61 64 68 75 80 84 98 	1 6 14 18 21 24 29 36 40 47 54 57 60 65 69 77 83 86 90 96 	
Avg LB p50: 1800
Query Size: 2 Avg LB p99: 6200
Avg LB p999: 8600
LB Throughput: 1759.5573657490722

Generated random load balanced config: 
4 5 6 39 42 55 60 66 69 72 75 83 85 87 88 94 95 96 98 99 	0 10 11 12 16 18 24 25 30 32 47 48 49 56 65 74 76 82 84 86 	2 3 14 21 22 23 26 31 37 44 50 59 79 80 89 90 91 92 93 97 	7 8 17 19 20 27 29 38 40 41 52 54 57 58 61 62 63 64 67 73 	1 9 13 15 28 33 34 35 36 43 45 46 51 53 68 70 71 77 78 81 	
Avg Random p50: 2000
Query Size: 2 Avg Random p99: 7600
Avg Random p999: 10800
Random Throughput: 1763.0263404950401
Generated parallel-maximising load balanced config: 
10 13 16 23 28 31 35 39 42 46 52 55 71 74 79 82 88 92 95 99 	0 4 7 12 22 26 33 43 50 58 63 66 70 73 76 81 87 91 94 97 	3 9 17 20 27 30 34 37 44 48 51 56 59 62 67 72 78 85 89 93 	2 5 8 11 15 19 25 32 38 41 45 49 53 61 64 68 75 80 84 98 	1 6 14 18 21 24 29 36 40 47 54 57 60 65 69 77 83 86 90 96 	
Avg LB p50: 1800
Query Size: 2 Avg LB p99: 6000
Avg LB p999: 8400
LB Throughput: 1763.0263404950401

Generated random load balanced config: 
5 6 10 13 17 21 37 42 45 47 48 56 66 71 74 75 79 84 87 90 	19 22 25 27 30 32 36 39 40 41 58 62 65 72 73 78 83 86 88 89 	0 23 31 33 43 49 52 54 55 59 64 68 76 82 85 91 93 97 98 99 	4 7 11 12 14 16 20 29 38 44 53 57 67 69 70 77 92 94 95 96 	1 2 3 8 9 15 18 24 26 28 34 35 46 50 51 60 61 63 80 81 	
Avg Random p50: 1800
Query Size: 2 Avg Random p99: 7000
Avg Random p999: 9800
Random Throughput: 1754.806964653362
Generated parallel-maximising load balanced config: 
10 13 16 23 28 31 35 39 42 46 52 55 71 74 79 82 88 92 95 99 	0 4 7 12 22 26 33 43 50 58 63 66 70 73 76 81 87 91 94 97 	3 9 17 20 27 30 34 37 44 48 51 56 59 62 67 72 78 85 89 93 	2 5 8 11 15 19 25 32 38 41 45 49 53 61 64 68 75 80 84 98 	1 6 14 18 21 24 29 36 40 47 54 57 60 65 69 77 83 86 90 96 	
Avg LB p50: 1600
Query Size: 2 Avg LB p99: 6000
Avg LB p999: 8600
LB Throughput: 1754.806964653362

Generated random load balanced config: 
1 7 11 25 27 33 35 42 51 55 57 70 72 73 82 83 86 89 90 95 	2 5 12 18 19 21 22 24 37 40 45 48 49 54 56 58 59 64 66 69 	0 3 6 8 10 15 16 17 29 43 47 53 61 62 67 68 78 79 92 94 	4 9 13 14 28 30 38 46 52 74 77 80 85 87 88 91 96 97 98 99 	20 23 26 31 32 34 36 39 41 44 50 60 63 65 71 75 76 81 84 93 	
Avg Random p50: 1800
Query Size: 2 Avg Random p99: 6800
Avg Random p999: 9800
Random Throughput: 1754.984814993888
Generated parallel-maximising load balanced config: 
10 13 16 23 28 31 35 39 42 46 52 55 71 74 79 82 88 92 95 99 	0 4 7 12 22 26 33 43 50 58 63 66 70 73 76 81 87 91 94 97 	3 9 17 20 27 30 34 37 44 48 51 56 59 62 67 72 78 85 89 93 	2 5 8 11 15 19 25 32 38 41 45 49 53 61 64 68 75 80 84 98 	1 6 14 18 21 24 29 36 40 47 54 57 60 65 69 77 83 86 90 96 	
Avg LB p50: 1800
Query Size: 2 Avg LB p99: 6200
Avg LB p999: 8800
LB Throughput: 1754.984814993888

Generated random load balanced config: 
3 4 28 29 32 35 38 40 41 46 49 51 56 58 65 74 77 78 82 89 	6 13 15 16 17 20 26 31 33 42 45 48 52 64 67 70 72 73 83 87 	8 24 25 27 30 47 50 60 66 68 75 80 81 85 86 88 90 91 92 96 	1 5 9 14 19 34 39 43 54 59 61 63 69 84 93 94 95 97 98 99 	0 2 7 10 11 12 18 21 22 23 36 37 44 53 55 57 62 71 76 79 	
Avg Random p50: 1800
Query Size: 2 Avg Random p99: 7000
Avg Random p999: 9600
Random Throughput: 1753.5906961492024
Generated parallel-maximising load balanced config: 
10 13 16 23 28 31 35 39 42 46 52 55 71 74 79 82 88 92 95 99 	0 4 7 12 22 26 33 43 50 58 63 66 70 73 76 81 87 91 94 97 	3 9 17 20 27 30 34 37 44 48 51 56 59 62 67 72 78 85 89 93 	2 5 8 11 15 19 25 32 38 41 45 49 53 61 64 68 75 80 84 98 	1 6 14 18 21 24 29 36 40 47 54 57 60 65 69 77 83 86 90 96 	
Avg LB p50: 1600
Query Size: 2 Avg LB p99: 5800
Avg LB p999: 8000
LB Throughput: 1753.5906961492024

Generated random load balanced config: 
3 5 7 9 12 19 22 38 45 54 62 65 79 82 83 86 87 88 90 92 	10 13 14 21 25 29 33 36 39 43 48 53 55 56 59 60 61 66 68 72 	0 8 15 27 34 35 40 44 50 52 63 69 71 74 75 77 85 89 91 93 	1 11 17 18 20 23 28 32 41 42 46 47 49 51 57 58 64 76 78 80 	2 4 6 16 24 26 30 31 37 67 70 73 81 84 94 95 96 97 98 99 	
Avg Random p50: 1800
Query Size: 2 Avg Random p99: 7000
Avg Random p999: 10200
Random Throughput: 1755.1226545528104
Generated parallel-maximising load balanced config: 
10 13 16 23 28 31 35 39 42 46 52 55 71 74 79 82 88 92 95 99 	0 4 7 12 22 26 33 43 50 58 63 66 70 73 76 81 87 91 94 97 	3 9 17 20 27 30 34 37 44 48 51 56 59 62 67 72 78 85 89 93 	2 5 8 11 15 19 25 32 38 41 45 49 53 61 64 68 75 80 84 98 	1 6 14 18 21 24 29 36 40 47 54 57 60 65 69 77 83 86 90 96 	
Avg LB p50: 1800
Query Size: 2 Avg LB p99: 6000
Avg LB p999: 8400
LB Throughput: 1755.1226545528104

Generated random load balanced config: 
8 12 13 20 25 33 34 40 44 56 59 61 62 63 71 80 81 83 91 92 	2 14 18 21 23 27 29 32 35 38 42 45 55 58 64 66 73 77 86 87 	1 11 16 19 24 26 30 37 43 47 49 52 67 69 72 74 75 78 82 85 	0 5 9 17 22 36 50 57 65 68 88 89 90 93 94 95 96 97 98 99 	3 4 6 7 10 15 28 31 39 41 46 48 51 53 54 60 70 76 79 84 	
Avg Random p50: 1800
Query Size: 2 Avg Random p99: 7200
Avg Random p999: 10400
Random Throughput: 1755.0210054076583
Generated parallel-maximising load balanced config: 
10 13 16 23 28 31 35 39 42 46 52 55 71 74 79 82 88 92 95 99 	0 4 7 12 22 26 33 43 50 58 63 66 70 73 76 81 87 91 94 97 	3 9 17 20 27 30 34 37 44 48 51 56 59 62 67 72 78 85 89 93 	2 5 8 11 15 19 25 32 38 41 45 49 53 61 64 68 75 80 84 98 	1 6 14 18 21 24 29 36 40 47 54 57 60 65 69 77 83 86 90 96 	
Avg LB p50: 1600
Query Size: 2 Avg LB p99: 6000
Avg LB p999: 8400
LB Throughput: 1755.0210054076583

Generated random load balanced config: 
4 13 19 39 41 45 48 53 61 64 65 71 73 76 78 87 90 91 95 98 	7 8 12 16 20 23 26 30 33 35 38 40 46 50 62 63 75 77 81 83 	0 3 18 24 34 47 49 55 56 57 59 60 66 70 72 85 89 96 97 99 	1 5 6 11 21 22 27 29 36 42 43 44 51 68 74 80 82 92 93 94 	2 9 10 14 15 17 25 28 31 32 37 52 54 58 67 69 79 84 86 88 	
Avg Random p50: 1800
Query Size: 2 Avg Random p99: 6800
Avg Random p999: 9600
Random Throughput: 1756.7845922964116
Generated parallel-maximising load balanced config: 
10 13 16 23 28 31 35 39 42 46 52 55 71 74 79 82 88 92 95 99 	0 4 7 12 22 26 33 43 50 58 63 66 70 73 76 81 87 91 94 97 	3 9 17 20 27 30 34 37 44 48 51 56 59 62 67 72 78 85 89 93 	2 5 8 11 15 19 25 32 38 41 45 49 53 61 64 68 75 80 84 98 	1 6 14 18 21 24 29 36 40 47 54 57 60 65 69 77 83 86 90 96 	
Avg LB p50: 1800
Query Size: 2 Avg LB p99: 6000
Avg LB p999: 8400
LB Throughput: 1756.7845922964116

Generated random load balanced config: 
3 21 22 25 26 28 30 31 40 48 50 51 52 58 59 70 76 86 90 91 	8 13 17 20 23 24 32 36 43 44 47 49 54 67 68 69 72 74 81 83 	1 4 7 9 11 14 27 37 38 57 63 65 71 77 78 79 80 84 87 92 	0 2 6 12 15 16 19 29 34 39 42 45 46 55 62 75 82 85 94 95 	5 10 18 33 35 41 53 56 60 61 64 66 73 88 89 93 96 97 98 99 	
Avg Random p50: 1800
Query Size: 2 Avg Random p99: 6800
Avg Random p999: 9800
Random Throughput: 1758.1868873542849
Generated parallel-maximising load balanced config: 
10 13 16 23 28 31 35 39 42 46 52 55 71 74 79 82 88 92 95 99 	0 4 7 12 22 26 33 43 50 58 63 66 70 73 76 81 87 91 94 97 	3 9 17 20 27 30 34 37 44 48 51 56 59 62 67 72 78 85 89 93 	2 5 8 11 15 19 25 32 38 41 45 49 53 61 64 68 75 80 84 98 	1 6 14 18 21 24 29 36 40 47 54 57 60 65 69 77 83 86 90 96 	
Avg LB p50: 1800
Query Size: 2 Avg LB p99: 6000
Avg LB p999: 8600
LB Throughput: 1758.1868873542849

Generated random load balanced config: 
0 8 9 10 11 16 29 30 33 37 40 53 54 55 56 58 79 82 87 91 	3 18 21 27 31 35 41 42 57 63 66 70 74 76 77 78 80 84 86 89 	1 4 6 12 15 20 26 38 39 45 46 48 49 50 52 67 69 85 88 93 	13 14 22 24 25 28 32 51 60 61 68 71 75 83 94 95 96 97 98 99 	2 5 7 17 19 23 34 36 43 44 47 59 62 64 65 72 73 81 90 92 	
Avg Random p50: 1800
Query Size: 2 Avg Random p99: 7600
Avg Random p999: 10400
Random Throughput: 1761.1098514283701
Generated parallel-maximising load balanced config: 
10 13 16 23 28 31 35 39 42 46 52 55 71 74 79 82 88 92 95 99 	0 4 7 12 22 26 33 43 50 58 63 66 70 73 76 81 87 91 94 97 	3 9 17 20 27 30 34 37 44 48 51 56 59 62 67 72 78 85 89 93 	2 5 8 11 15 19 25 32 38 41 45 49 53 61 64 68 75 80 84 98 	1 6 14 18 21 24 29 36 40 47 54 57 60 65 69 77 83 86 90 96 	
Avg LB p50: 1800
Query Size: 2 Avg LB p99: 6200
Avg LB p999: 8400
LB Throughput: 1761.1098514283701

Generated random load balanced config: 
0 5 15 17 22 25 26 27 31 35 36 41 43 51 61 64 70 72 74 81 	9 11 13 28 32 37 42 49 52 55 73 82 83 85 86 87 89 93 95 99 	1 4 8 12 14 18 20 29 40 46 48 54 56 62 67 69 71 75 77 78 	2 3 6 16 24 30 39 47 57 58 59 60 66 68 79 80 84 91 94 97 	7 10 19 21 23 33 34 38 44 45 50 53 63 65 76 88 90 92 96 98 	
Avg Random p50: 1800
Query Size: 2 Avg Random p99: 7000
Avg Random p999: 10000
Random Throughput: 1753.4446419992073
Generated parallel-maximising load balanced config: 
10 13 16 23 28 31 35 39 42 46 52 55 71 74 79 82 88 92 95 99 	0 4 7 12 22 26 33 43 50 58 63 66 70 73 76 81 87 91 94 97 	3 9 17 20 27 30 34 37 44 48 51 56 59 62 67 72 78 85 89 93 	2 5 8 11 15 19 25 32 38 41 45 49 53 61 64 68 75 80 84 98 	1 6 14 18 21 24 29 36 40 47 54 57 60 65 69 77 83 86 90 96 	
Avg LB p50: 1600
Query Size: 2 Avg LB p99: 6000
Avg LB p999: 8800
LB Throughput: 1753.4446419992073

Generated random load balanced config: 
4 6 12 13 15 16 22 31 35 56 75 84 85 86 88 91 93 94 97 98 	0 2 5 8 25 26 33 34 41 42 44 45 51 62 64 65 77 82 96 99 	3 7 17 20 32 36 37 38 39 40 55 59 68 71 72 74 78 79 80 81 	9 10 11 14 24 27 28 30 43 48 49 50 52 57 58 60 61 67 69 76 	1 18 19 21 23 29 46 47 53 54 63 66 70 73 83 87 89 90 92 95 	
Avg Random p50: 2000
Query Size: 2 Avg Random p99: 7400
Avg Random p999: 10200
Random Throughput: 1766.2118376815997
Generated parallel-maximising load balanced config: 
10 13 16 23 28 31 35 39 42 46 52 55 71 74 79 82 88 92 95 99 	0 4 7 12 22 26 33 43 50 58 63 66 70 73 76 81 87 91 94 97 	3 9 17 20 27 30 34 37 44 48 51 56 59 62 67 72 78 85 89 93 	2 5 8 11 15 19 25 32 38 41 45 49 53 61 64 68 75 80 84 98 	1 6 14 18 21 24 29 36 40 47 54 57 60 65 69 77 83 86 90 96 	
Avg LB p50: 1800
Query Size: 2 Avg LB p99: 6200
Avg LB p999: 8600
LB Throughput: 1766.2118376815997

Generated random load balanced config: 
7 9 17 21 22 23 26 35 37 39 54 71 75 76 83 84 85 86 88 90 	14 19 27 30 40 44 50 55 67 78 89 91 92 93 94 95 96 97 98 99 	0 3 13 20 33 34 36 38 42 43 57 58 59 64 66 73 77 79 82 87 	1 2 4 5 8 16 18 24 29 41 45 47 49 51 56 60 62 63 65 69 	6 10 11 12 15 25 28 31 32 46 48 52 53 61 68 70 72 74 80 81 	
Avg Random p50: 1800
Query Size: 2 Avg Random p99: 7200
Avg Random p999: 9600
Random Throughput: 1754.8300600634461
Generated parallel-maximising load balanced config: 
10 13 16 23 28 31 35 39 42 46 52 55 71 74 79 82 88 92 95 99 	0 4 7 12 22 26 33 43 50 58 63 66 70 73 76 81 87 91 94 97 	3 9 17 20 27 30 34 37 44 48 51 56 59 62 67 72 78 85 89 93 	2 5 8 11 15 19 25 32 38 41 45 49 53 61 64 68 75 80 84 98 	1 6 14 18 21 24 29 36 40 47 54 57 60 65 69 77 83 86 90 96 	
Avg LB p50: 1600
Query Size: 2 Avg LB p99: 5800
Avg LB p999: 8000
LB Throughput: 1754.8300600634461

Generated random load balanced config: 
14 16 26 35 38 42 45 56 60 75 79 80 82 83 88 91 96 97 98 99 	1 2 8 18 23 27 28 32 39 47 48 58 59 62 77 81 84 86 87 95 	3 4 5 6 7 11 12 13 19 20 31 37 40 46 49 53 55 57 61 63 	0 9 17 21 22 25 30 34 44 54 64 65 68 70 72 76 78 85 90 94 	10 15 24 29 33 36 41 43 50 51 52 66 67 69 71 73 74 89 92 93 	
Avg Random p50: 1800
Query Size: 2 Avg Random p99: 7400
Avg Random p999: 10400
Random Throughput: 1759.2160933088217
Generated parallel-maximising load balanced config: 
10 13 16 23 28 31 35 39 42 46 52 55 71 74 79 82 88 92 95 99 	0 4 7 12 22 26 33 43 50 58 63 66 70 73 76 81 87 91 94 97 	3 9 17 20 27 30 34 37 44 48 51 56 59 62 67 72 78 85 89 93 	2 5 8 11 15 19 25 32 38 41 45 49 53 61 64 68 75 80 84 98 	1 6 14 18 21 24 29 36 40 47 54 57 60 65 69 77 83 86 90 96 	
Avg LB p50: 1800
Query Size: 2 Avg LB p99: 6200
Avg LB p999: 9200
LB Throughput: 1759.2160933088217

Generated random load balanced config: 
1 2 7 10 13 14 25 33 41 49 55 58 59 70 76 77 81 89 90 91 	3 8 18 27 29 34 46 47 54 62 72 86 88 93 94 95 96 97 98 99 	5 16 19 22 30 31 35 38 44 50 52 56 61 66 68 69 78 82 84 92 	11 12 15 17 23 24 28 32 37 42 43 45 60 65 71 73 75 79 80 85 	0 4 6 9 20 21 26 36 39 40 48 51 53 57 63 64 67 74 83 87 	
Avg Random p50: 1800
Query Size: 2 Avg Random p99: 7000
Avg Random p999: 10600
Random Throughput: 1758.6398679261458
Generated parallel-maximising load balanced config: 
10 13 16 23 28 31 35 39 42 46 52 55 71 74 79 82 88 92 95 99 	0 4 7 12 22 26 33 43 50 58 63 66 70 73 76 81 87 91 94 97 	3 9 17 20 27 30 34 37 44 48 51 56 59 62 67 72 78 85 89 93 	2 5 8 11 15 19 25 32 38 41 45 49 53 61 64 68 75 80 84 98 	1 6 14 18 21 24 29 36 40 47 54 57 60 65 69 77 83 86 90 96 	
Avg LB p50: 1800
Query Size: 2 Avg LB p99: 6000
Avg LB p999: 8800
LB Throughput: 1758.6398679261458

Generated random load balanced config: 
1 4 7 13 14 47 50 51 59 62 64 69 82 83 85 86 87 97 98 99 	2 3 10 22 27 28 31 32 40 45 52 61 65 67 77 81 89 90 92 94 	8 11 21 24 39 46 57 58 70 71 72 75 76 79 80 88 91 93 95 96 	0 5 6 15 19 25 26 33 34 36 41 42 44 48 49 54 55 60 66 68 	9 12 16 17 18 20 23 29 30 35 37 38 43 53 56 63 73 74 78 84 	
Avg Random p50: 1800
Query Size: 2 Avg Random p99: 7600
Avg Random p999: 11000
Random Throughput: 1761.193596123965
Generated parallel-maximising load balanced config: 
10 13 16 23 28 31 35 39 42 46 52 55 71 74 79 82 88 92 95 99 	0 4 7 12 22 26 33 43 50 58 63 66 70 73 76 81 87 91 94 97 	3 9 17 20 27 30 34 37 44 48 51 56 59 62 67 72 78 85 89 93 	2 5 8 11 15 19 25 32 38 41 45 49 53 61 64 68 75 80 84 98 	1 6 14 18 21 24 29 36 40 47 54 57 60 65 69 77 83 86 90 96 	
Avg LB p50: 1600
Query Size: 2 Avg LB p99: 6000
Avg LB p999: 8000
LB Throughput: 1761.193596123965

Generated random load balanced config: 
9 10 11 12 20 22 25 43 45 56 61 67 81 89 90 94 95 97 98 99 	1 8 13 15 17 18 19 23 29 44 49 50 52 54 59 62 65 68 70 71 	2 3 4 6 34 35 36 46 48 58 75 78 79 80 82 83 84 87 91 92 	0 7 14 16 24 26 27 33 37 42 47 66 69 73 74 85 86 88 93 96 	5 21 28 30 31 32 38 39 40 41 51 53 55 57 60 63 64 72 76 77 	
Avg Random p50: 1800
Query Size: 2 Avg Random p99: 7400
Avg Random p999: 10600
Random Throughput: 1760.6943474228497
Generated parallel-maximising load balanced config: 
10 13 16 23 28 31 35 39 42 46 52 55 71 74 79 82 88 92 95 99 	0 4 7 12 22 26 33 43 50 58 63 66 70 73 76 81 87 91 94 97 	3 9 17 20 27 30 34 37 44 48 51 56 59 62 67 72 78 85 89 93 	2 5 8 11 15 19 25 32 38 41 45 49 53 61 64 68 75 80 84 98 	1 6 14 18 21 24 29 36 40 47 54 57 60 65 69 77 83 86 90 96 	
Avg LB p50: 1600
Query Size: 2 Avg LB p99: 6000
Avg LB p999: 8600
LB Throughput: 1760.6943474228497

Generated random load balanced config: 
3 5 6 7 8 13 15 17 39 49 51 61 62 69 74 76 91 92 94 95 	1 4 19 22 32 37 42 43 56 65 80 82 83 84 85 86 88 96 97 98 	11 14 20 23 25 27 29 31 33 38 44 50 52 57 58 60 66 68 71 79 	12 16 18 24 28 35 36 40 41 45 47 48 54 59 64 67 70 72 73 77 	0 2 9 10 21 26 30 34 46 53 55 63 75 78 81 87 89 90 93 99 	
Avg Random p50: 1800
Query Size: 2 Avg Random p99: 7000
Avg Random p999: 9600
Random Throughput: 1756.8123693645302
Generated parallel-maximising load balanced config: 
10 13 16 23 28 31 35 39 42 46 52 55 71 74 79 82 88 92 95 99 	0 4 7 12 22 26 33 43 50 58 63 66 70 73 76 81 87 91 94 97 	3 9 17 20 27 30 34 37 44 48 51 56 59 62 67 72 78 85 89 93 	2 5 8 11 15 19 25 32 38 41 45 49 53 61 64 68 75 80 84 98 	1 6 14 18 21 24 29 36 40 47 54 57 60 65 69 77 83 86 90 96 	
Avg LB p50: 1800
Query Size: 2 Avg LB p99: 6000
Avg LB p999: 8600
LB Throughput: 1756.8123693645302

Generated random load balanced config: 
2 4 6 9 12 16 30 31 32 40 44 54 59 65 68 69 74 80 82 85 	0 3 10 14 21 22 24 29 39 49 53 66 67 76 79 81 83 84 86 87 	15 19 23 27 34 35 48 51 52 55 56 60 62 71 72 75 94 95 96 97 	1 5 7 18 20 25 28 36 37 45 46 47 50 57 63 70 77 89 91 93 	8 11 13 17 26 33 38 41 42 43 58 61 64 73 78 88 90 92 98 99 	
Avg Random p50: 1800
Query Size: 2 Avg Random p99: 6800
Avg Random p999: 9800
Random Throughput: 1755.6133542485404
Generated parallel-maximising load balanced config: 
10 13 16 23 28 31 35 39 42 46 52 55 71 74 79 82 88 92 95 99 	0 4 7 12 22 26 33 43 50 58 63 66 70 73 76 81 87 91 94 97 	3 9 17 20 27 30 34 37 44 48 51 56 59 62 67 72 78 85 89 93 	2 5 8 11 15 19 25 32 38 41 45 49 53 61 64 68 75 80 84 98 	1 6 14 18 21 24 29 36 40 47 54 57 60 65 69 77 83 86 90 96 	
Avg LB p50: 1600
Query Size: 2 Avg LB p99: 6000
Avg LB p999: 8400
LB Throughput: 1755.6133542485404

Generated random load balanced config: 
1 2 3 8 9 10 13 18 23 33 41 43 56 71 76 77 90 95 97 99 	11 17 19 20 32 36 42 64 65 68 69 70 73 74 78 84 89 92 94 98 	5 12 16 21 25 27 34 40 45 47 48 53 54 57 59 62 63 66 67 75 	0 4 14 22 26 28 35 38 39 44 46 50 55 58 60 72 81 86 87 88 	6 7 15 24 29 30 31 37 49 51 52 61 79 80 82 83 85 91 93 96 	
Avg Random p50: 1800
Query Size: 2 Avg Random p99: 7000
Avg Random p999: 10000
Random Throughput: 1756.8463203073425
Generated parallel-maximising load balanced config: 
10 13 16 23 28 31 35 39 42 46 52 55 71 74 79 82 88 92 95 99 	0 4 7 12 22 26 33 43 50 58 63 66 70 73 76 81 87 91 94 97 	3 9 17 20 27 30 34 37 44 48 51 56 59 62 67 72 78 85 89 93 	2 5 8 11 15 19 25 32 38 41 45 49 53 61 64 68 75 80 84 98 	1 6 14 18 21 24 29 36 40 47 54 57 60 65 69 77 83 86 90 96 	
Avg LB p50: 1600
Query Size: 2 Avg LB p99: 6000
Avg LB p999: 8400
LB Throughput: 1756.8463203073425

Generated random load balanced config: 
0 1 3 5 7 11 17 24 27 33 41 43 45 47 57 66 69 72 76 78 	4 19 23 25 28 29 30 44 55 60 61 62 63 64 67 80 86 89 90 91 	2 14 16 38 46 48 51 52 53 59 65 73 74 77 79 81 83 87 93 94 	6 13 15 18 21 22 26 32 54 58 75 84 85 88 92 95 96 97 98 99 	8 9 10 12 20 31 34 35 36 37 39 40 42 49 50 56 68 70 71 82 	
Avg Random p50: 1800
Query Size: 2 Avg Random p99: 7400
Avg Random p999: 10800
Random Throughput: 1758.0810194056983
Generated parallel-maximising load balanced config: 
10 13 16 23 28 31 35 39 42 46 52 55 71 74 79 82 88 92 95 99 	0 4 7 12 22 26 33 43 50 58 63 66 70 73 76 81 87 91 94 97 	3 9 17 20 27 30 34 37 44 48 51 56 59 62 67 72 78 85 89 93 	2 5 8 11 15 19 25 32 38 41 45 49 53 61 64 68 75 80 84 98 	1 6 14 18 21 24 29 36 40 47 54 57 60 65 69 77 83 86 90 96 	
Avg LB p50: 1600
Query Size: 2 Avg LB p99: 6000
Avg LB p999: 8800
LB Throughput: 1758.0810194056983

Generated random load balanced config: 
1 4 7 11 16 19 22 27 29 34 36 45 70 72 73 82 83 84 85 86 	3 6 24 25 26 30 31 33 37 38 40 44 50 51 52 53 54 58 61 62 	0 10 12 13 14 15 20 21 23 32 35 47 49 60 64 65 66 75 76 77 	2 5 8 18 41 43 48 55 68 69 78 80 81 90 91 93 94 95 96 99 	9 17 28 39 42 46 56 57 59 63 67 71 74 79 87 88 89 92 97 98 	
Avg Random p50: 2000
Query Size: 2 Avg Random p99: 7400
Avg Random p999: 12000
Random Throughput: 1762.6503210226897
Generated parallel-maximising load balanced config: 
10 13 16 23 28 31 35 39 42 46 52 55 71 74 79 82 88 92 95 99 	0 4 7 12 22 26 33 43 50 58 63 66 70 73 76 81 87 91 94 97 	3 9 17 20 27 30 34 37 44 48 51 56 59 62 67 72 78 85 89 93 	2 5 8 11 15 19 25 32 38 41 45 49 53 61 64 68 75 80 84 98 	1 6 14 18 21 24 29 36 40 47 54 57 60 65 69 77 83 86 90 96 	
Avg LB p50: 1600
Query Size: 2 Avg LB p99: 6000
Avg LB p999: 8400
LB Throughput: 1762.6503210226897

Generated random load balanced config: 
4 7 8 14 20 26 27 33 35 37 39 47 50 56 72 76 79 83 84 92 	1 3 22 30 32 44 51 53 55 58 66 69 73 81 82 87 93 94 95 96 	0 5 6 9 10 13 16 17 18 21 23 25 29 34 38 45 49 60 68 75 	11 12 15 36 42 43 54 61 62 63 70 77 78 80 85 88 90 97 98 99 	2 19 24 28 31 40 41 46 48 52 57 59 64 65 67 71 74 86 89 91 	
Avg Random p50: 1800
Query Size: 2 Avg Random p99: 7200
Avg Random p999: 10000
Random Throughput: 1754.2805541947698
Generated parallel-maximising load balanced config: 
10 13 16 23 28 31 35 39 42 46 52 55 71 74 79 82 88 92 95 99 	0 4 7 12 22 26 33 43 50 58 63 66 70 73 76 81 87 91 94 97 	3 9 17 20 27 30 34 37 44 48 51 56 59 62 67 72 78 85 89 93 	2 5 8 11 15 19 25 32 38 41 45 49 53 61 64 68 75 80 84 98 	1 6 14 18 21 24 29 36 40 47 54 57 60 65 69 77 83 86 90 96 	
Avg LB p50: 1800
Query Size: 2 Avg LB p99: 6000
Avg LB p999: 8600
LB Throughput: 1754.2805541947698

Generated random load balanced config: 
0 5 6 14 19 21 22 23 24 29 39 40 41 54 63 64 66 69 72 73 	11 27 35 47 49 53 57 68 75 81 84 88 92 93 94 95 96 97 98 99 	1 3 7 12 17 18 25 28 30 31 33 48 50 51 56 61 62 65 71 79 	4 8 13 15 26 34 36 38 43 46 52 59 60 67 74 76 80 82 83 85 	2 9 10 16 20 32 37 42 44 45 55 58 70 77 78 86 87 89 90 91 	
Avg Random p50: 1800
Query Size: 2 Avg Random p99: 7400
Avg Random p999: 9800
Random Throughput: 1761.9701645592033
Generated parallel-maximising load balanced config: 
10 13 16 23 28 31 35 39 42 46 52 55 71 74 79 82 88 92 95 99 	0 4 7 12 22 26 33 43 50 58 63 66 70 73 76 81 87 91 94 97 	3 9 17 20 27 30 34 37 44 48 51 56 59 62 67 72 78 85 89 93 	2 5 8 11 15 19 25 32 38 41 45 49 53 61 64 68 75 80 84 98 	1 6 14 18 21 24 29 36 40 47 54 57 60 65 69 77 83 86 90 96 	
Avg LB p50: 1800
Query Size: 2 Avg LB p99: 6200
Avg LB p999: 8400
LB Throughput: 1761.9701645592033

Generated random load balanced config: 
1 5 14 15 16 17 19 23 24 30 31 33 38 40 45 49 56 57 68 73 	2 9 29 32 36 44 51 52 62 66 75 80 81 83 84 87 90 91 93 97 	0 3 4 6 13 18 22 27 34 35 41 54 59 63 70 76 77 78 79 88 	7 8 10 11 12 20 26 28 42 43 46 47 48 53 58 60 72 74 82 86 	21 25 37 39 50 55 61 64 65 67 69 71 85 89 92 94 95 96 98 99 	
Avg Random p50: 1800
Query Size: 2 Avg Random p99: 7200
Avg Random p999: 10200
Random Throughput: 1756.626434065905
Generated parallel-maximising load balanced config: 
10 13 16 23 28 31 35 39 42 46 52 55 71 74 79 82 88 92 95 99 	0 4 7 12 22 26 33 43 50 58 63 66 70 73 76 81 87 91 94 97 	3 9 17 20 27 30 34 37 44 48 51 56 59 62 67 72 78 85 89 93 	2 5 8 11 15 19 25 32 38 41 45 49 53 61 64 68 75 80 84 98 	1 6 14 18 21 24 29 36 40 47 54 57 60 65 69 77 83 86 90 96 	
Avg LB p50: 1800
Query Size: 2 Avg LB p99: 6000
Avg LB p999: 8000
LB Throughput: 1756.626434065905

Generated random load balanced config: 
0 6 9 10 15 22 43 47 52 57 59 61 63 66 76 84 88 89 91 98 	3 8 25 27 31 37 39 40 42 44 45 48 54 64 67 73 74 75 79 83 	5 17 18 19 26 30 32 34 36 50 53 56 58 77 78 82 86 92 93 96 	1 7 11 12 16 20 24 28 35 49 62 65 68 71 80 85 90 94 95 97 	2 4 13 14 21 23 29 33 38 41 46 51 55 60 69 70 72 81 87 99 	
Avg Random p50: 1800
Query Size: 2 Avg Random p99: 6800
Avg Random p999: 10000
Random Throughput: 1753.1080414189305
Generated parallel-maximising load balanced config: 
10 13 16 23 28 31 35 39 42 46 52 55 71 74 79 82 88 92 95 99 	0 4 7 12 22 26 33 43 50 58 63 66 70 73 76 81 87 91 94 97 	3 9 17 20 27 30 34 37 44 48 51 56 59 62 67 72 78 85 89 93 	2 5 8 11 15 19 25 32 38 41 45 49 53 61 64 68 75 80 84 98 	1 6 14 18 21 24 29 36 40 47 54 57 60 65 69 77 83 86 90 96 	
Avg LB p50: 1800
Query Size: 2 Avg LB p99: 5800
Avg LB p999: 8000
LB Throughput: 1753.1080414189305

Generated random load balanced config: 
1 4 14 22 25 27 28 29 35 45 47 53 61 70 75 77 80 81 82 86 	0 2 12 26 32 36 37 40 41 44 50 52 54 55 64 83 85 96 97 98 	5 7 8 10 11 24 34 48 51 58 65 67 68 71 87 88 89 92 95 99 	6 9 15 16 18 19 30 38 43 46 49 56 59 66 74 84 90 91 93 94 	3 13 17 20 21 23 31 33 39 42 57 60 62 63 69 72 73 76 78 79 	
Avg Random p50: 1800
Query Size: 2 Avg Random p99: 7200
Avg Random p999: 9800
Random Throughput: 1758.2935409526347
Generated parallel-maximising load balanced config: 
10 13 16 23 28 31 35 39 42 46 52 55 71 74 79 82 88 92 95 99 	0 4 7 12 22 26 33 43 50 58 63 66 70 73 76 81 87 91 94 97 	3 9 17 20 27 30 34 37 44 48 51 56 59 62 67 72 78 85 89 93 	2 5 8 11 15 19 25 32 38 41 45 49 53 61 64 68 75 80 84 98 	1 6 14 18 21 24 29 36 40 47 54 57 60 65 69 77 83 86 90 96 	
Avg LB p50: 1800
Query Size: 2 Avg LB p99: 6200
Avg LB p999: 8400
LB Throughput: 1758.2935409526347

Generated random load balanced config: 
2 12 19 21 23 26 36 45 56 65 70 73 78 81 86 92 95 97 98 99 	10 11 20 22 24 27 33 39 41 42 47 49 53 58 62 63 79 80 82 85 	4 5 29 38 43 50 52 54 55 66 67 76 83 84 87 88 90 93 94 96 	1 6 7 25 28 31 35 37 46 48 57 59 60 61 69 74 75 77 89 91 	0 3 8 9 13 14 15 16 17 18 30 32 34 40 44 51 64 68 71 72 	
Avg Random p50: 1800
Query Size: 2 Avg Random p99: 7200
Avg Random p999: 10200
Random Throughput: 1756.0164415819427
Generated parallel-maximising load balanced config: 
10 13 16 23 28 31 35 39 42 46 52 55 71 74 79 82 88 92 95 99 	0 4 7 12 22 26 33 43 50 58 63 66 70 73 76 81 87 91 94 97 	3 9 17 20 27 30 34 37 44 48 51 56 59 62 67 72 78 85 89 93 	2 5 8 11 15 19 25 32 38 41 45 49 53 61 64 68 75 80 84 98 	1 6 14 18 21 24 29 36 40 47 54 57 60 65 69 77 83 86 90 96 	
Avg LB p50: 1600
Query Size: 2 Avg LB p99: 6200
Avg LB p999: 8800
LB Throughput: 1756.0164415819427

Generated random load balanced config: 
1 13 15 19 20 24 26 27 34 40 48 52 54 60 71 77 82 83 88 92 	0 6 7 11 21 22 30 32 35 37 38 44 49 55 61 65 72 73 76 80 	2 8 10 33 41 42 43 46 50 53 57 58 62 63 64 75 79 93 98 99 	4 5 9 14 16 25 28 29 31 39 45 56 69 78 81 85 89 90 91 95 	3 12 17 18 23 36 47 51 59 66 67 68 70 74 84 86 87 94 96 97 	
Avg Random p50: 1800
Query Size: 2 Avg Random p99: 7000
Avg Random p999: 10000
Random Throughput: 1757.8631415651137
Generated parallel-maximising load balanced config: 
10 13 16 23 28 31 35 39 42 46 52 55 71 74 79 82 88 92 95 99 	0 4 7 12 22 26 33 43 50 58 63 66 70 73 76 81 87 91 94 97 	3 9 17 20 27 30 34 37 44 48 51 56 59 62 67 72 78 85 89 93 	2 5 8 11 15 19 25 32 38 41 45 49 53 61 64 68 75 80 84 98 	1 6 14 18 21 24 29 36 40 47 54 57 60 65 69 77 83 86 90 96 	
Avg LB p50: 1800
Query Size: 2 Avg LB p99: 6000
Avg LB p999: 8800
LB Throughput: 1757.8631415651137

Generated random load balanced config: 
4 8 18 22 24 38 43 48 52 55 56 59 74 75 82 83 89 91 93 96 	6 16 20 21 23 26 33 36 39 40 46 49 51 53 58 60 63 65 66 68 	0 3 11 12 17 25 27 30 35 37 45 70 71 72 76 78 81 85 86 90 	1 2 5 7 9 10 13 19 42 47 50 61 62 64 77 87 92 94 98 99 	14 15 28 29 31 32 34 41 44 54 57 67 69 73 79 80 84 88 95 97 	
Avg Random p50: 1800
Query Size: 2 Avg Random p99: 7000
Avg Random p999: 10600
Random Throughput: 1755.5809919734838
Generated parallel-maximising load balanced config: 
10 13 16 23 28 31 35 39 42 46 52 55 71 74 79 82 88 92 95 99 	0 4 7 12 22 26 33 43 50 58 63 66 70 73 76 81 87 91 94 97 	3 9 17 20 27 30 34 37 44 48 51 56 59 62 67 72 78 85 89 93 	2 5 8 11 15 19 25 32 38 41 45 49 53 61 64 68 75 80 84 98 	1 6 14 18 21 24 29 36 40 47 54 57 60 65 69 77 83 86 90 96 	
Avg LB p50: 1800
Query Size: 2 Avg LB p99: 6200
Avg LB p999: 8800
LB Throughput: 1755.5809919734838

Generated random load balanced config: 
3 8 22 23 30 32 33 34 37 38 41 48 49 53 55 59 71 73 74 76 	13 19 29 31 42 58 63 65 66 72 77 89 92 93 94 95 96 97 98 99 	7 10 11 12 16 25 35 45 46 50 52 62 64 67 68 69 84 85 86 87 	2 4 5 14 15 18 21 24 27 36 39 40 43 51 56 61 79 88 90 91 	0 1 6 9 17 20 26 28 44 47 54 57 60 70 75 78 80 81 82 83 	
Avg Random p50: 1800
Query Size: 2 Avg Random p99: 7200
Avg Random p999: 9400
Random Throughput: 1761.155599858403
Generated parallel-maximising load balanced config: 
10 13 16 23 28 31 35 39 42 46 52 55 71 74 79 82 88 92 95 99 	0 4 7 12 22 26 33 43 50 58 63 66 70 73 76 81 87 91 94 97 	3 9 17 20 27 30 34 37 44 48 51 56 59 62 67 72 78 85 89 93 	2 5 8 11 15 19 25 32 38 41 45 49 53 61 64 68 75 80 84 98 	1 6 14 18 21 24 29 36 40 47 54 57 60 65 69 77 83 86 90 96 	
Avg LB p50: 1600
Query Size: 2 Avg LB p99: 5800
Avg LB p999: 7800
LB Throughput: 1761.155599858403

Generated random load balanced config: 
10 11 18 19 20 25 27 35 36 38 39 40 46 47 58 63 65 72 80 82 	3 4 7 12 15 21 22 30 34 37 43 50 53 54 61 62 70 77 81 83 	1 5 6 9 14 23 24 28 41 45 49 51 52 55 59 60 67 74 75 76 	0 2 8 13 16 26 33 56 64 66 69 73 79 84 87 91 92 93 94 95 	17 29 31 32 42 44 48 57 68 71 78 85 86 88 89 90 96 97 98 99 	
Avg Random p50: 2000
Query Size: 2 Avg Random p99: 7400
Avg Random p999: 12000
Random Throughput: 1761.3417196683745
Generated parallel-maximising load balanced config: 
10 13 16 23 28 31 35 39 42 46 52 55 71 74 79 82 88 92 95 99 	0 4 7 12 22 26 33 43 50 58 63 66 70 73 76 81 87 91 94 97 	3 9 17 20 27 30 34 37 44 48 51 56 59 62 67 72 78 85 89 93 	2 5 8 11 15 19 25 32 38 41 45 49 53 61 64 68 75 80 84 98 	1 6 14 18 21 24 29 36 40 47 54 57 60 65 69 77 83 86 90 96 	
Avg LB p50: 1800
Query Size: 2 Avg LB p99: 6000
Avg LB p999: 8200
LB Throughput: 1761.3417196683745

Generated random load balanced config: 
3 6 7 9 15 23 27 29 42 51 59 65 68 69 72 74 81 82 86 89 	2 5 10 12 19 22 28 33 34 35 40 43 58 66 67 73 76 78 83 85 	16 38 47 49 52 54 63 70 75 77 90 91 92 93 94 95 96 97 98 99 	0 1 8 11 13 14 21 24 26 30 31 32 36 44 45 53 56 57 60 61 	4 17 18 20 25 37 39 41 46 48 50 55 62 64 71 79 80 84 87 88 	
Avg Random p50: 1800
Query Size: 2 Avg Random p99: 7000
Avg Random p999: 9800
Random Throughput: 1756.6079198424675
Generated parallel-maximising load balanced config: 
10 13 16 23 28 31 35 39 42 46 52 55 71 74 79 82 88 92 95 99 	0 4 7 12 22 26 33 43 50 58 63 66 70 73 76 81 87 91 94 97 	3 9 17 20 27 30 34 37 44 48 51 56 59 62 67 72 78 85 89 93 	2 5 8 11 15 19 25 32 38 41 45 49 53 61 64 68 75 80 84 98 	1 6 14 18 21 24 29 36 40 47 54 57 60 65 69 77 83 86 90 96 	
Avg LB p50: 1600
Query Size: 2 Avg LB p99: 6000
Avg LB p999: 8400
LB Throughput: 1756.6079198424675

Generated random load balanced config: 
3 5 7 10 31 35 40 43 45 47 49 52 53 56 60 61 72 82 83 88 	4 16 18 21 29 32 33 41 44 50 54 58 62 67 69 94 96 97 98 99 	2 6 9 14 19 20 30 36 37 39 46 48 68 70 73 79 80 81 86 90 	8 11 12 13 17 22 23 25 27 34 38 42 51 71 84 87 89 92 93 95 	0 1 15 24 26 28 55 57 59 63 64 65 66 74 75 76 77 78 85 91 	
Avg Random p50: 1800
Query Size: 2 Avg Random p99: 7200
Avg Random p999: 9800
Random Throughput: 1759.0745157157917
Generated parallel-maximising load balanced config: 
10 13 16 23 28 31 35 39 42 46 52 55 71 74 79 82 88 92 95 99 	0 4 7 12 22 26 33 43 50 58 63 66 70 73 76 81 87 91 94 97 	3 9 17 20 27 30 34 37 44 48 51 56 59 62 67 72 78 85 89 93 	2 5 8 11 15 19 25 32 38 41 45 49 53 61 64 68 75 80 84 98 	1 6 14 18 21 24 29 36 40 47 54 57 60 65 69 77 83 86 90 96 	
Avg LB p50: 1800
Query Size: 2 Avg LB p99: 6200
Avg LB p999: 8200
LB Throughput: 1759.0745157157917

Generated random load balanced config: 
0 1 3 11 18 20 36 37 38 39 44 45 46 49 51 60 65 67 75 81 	4 15 16 19 31 47 50 56 59 72 76 87 88 90 91 95 96 97 98 99 	5 7 10 14 17 21 22 23 30 33 34 35 40 41 43 52 54 68 73 79 	2 6 9 12 25 28 42 55 57 62 63 66 70 71 74 78 82 83 84 86 	8 13 24 26 27 29 32 48 53 58 61 64 69 77 80 85 89 92 93 94 	
Avg Random p50: 1800
Query Size: 2 Avg Random p99: 7400
Avg Random p999: 10800
Random Throughput: 1761.6776103547886
Generated parallel-maximising load balanced config: 
10 13 16 23 28 31 35 39 42 46 52 55 71 74 79 82 88 92 95 99 	0 4 7 12 22 26 33 43 50 58 63 66 70 73 76 81 87 91 94 97 	3 9 17 20 27 30 34 37 44 48 51 56 59 62 67 72 78 85 89 93 	2 5 8 11 15 19 25 32 38 41 45 49 53 61 64 68 75 80 84 98 	1 6 14 18 21 24 29 36 40 47 54 57 60 65 69 77 83 86 90 96 	
Avg LB p50: 1800
Query Size: 2 Avg LB p99: 6000
Avg LB p999: 9000
LB Throughput: 1761.6776103547886

Generated random load balanced config: 
21 23 27 28 30 44 57 63 70 75 78 82 88 92 94 95 96 97 98 99 	3 13 31 36 39 41 45 53 56 59 60 61 65 74 77 81 85 90 91 93 	0 7 9 11 15 19 20 22 25 33 35 43 48 68 71 76 79 84 86 87 	1 2 6 12 14 16 32 34 38 40 42 46 47 55 58 62 64 66 67 69 	4 5 8 10 17 18 24 26 29 37 49 50 51 52 54 72 73 80 83 89 	
Avg Random p50: 1800
Query Size: 2 Avg Random p99: 7000
Avg Random p999: 10600
Random Throughput: 1759.7392770287156
Generated parallel-maximising load balanced config: 
10 13 16 23 28 31 35 39 42 46 52 55 71 74 79 82 88 92 95 99 	0 4 7 12 22 26 33 43 50 58 63 66 70 73 76 81 87 91 94 97 	3 9 17 20 27 30 34 37 44 48 51 56 59 62 67 72 78 85 89 93 	2 5 8 11 15 19 25 32 38 41 45 49 53 61 64 68 75 80 84 98 	1 6 14 18 21 24 29 36 40 47 54 57 60 65 69 77 83 86 90 96 	
Avg LB p50: 1800
Query Size: 2 Avg LB p99: 6200
Avg LB p999: 8400
LB Throughput: 1759.7392770287156

Generated random load balanced config: 
0 13 22 25 26 27 32 37 38 50 53 60 61 69 73 74 76 79 82 89 	12 14 15 19 24 29 30 34 40 41 43 48 59 63 78 83 86 93 94 96 	1 8 9 10 11 17 20 35 36 45 46 47 51 52 55 57 65 66 67 85 	2 5 16 18 21 23 31 33 44 49 58 64 70 71 75 77 81 87 90 92 	3 4 6 7 28 39 42 54 56 62 68 72 80 84 88 91 95 97 98 99 	
Avg Random p50: 1800
Query Size: 2 Avg Random p99: 7200
Avg Random p999: 10400
Random Throughput: 1759.1743139440073
Generated parallel-maximising load balanced config: 
10 13 16 23 28 31 35 39 42 46 52 55 71 74 79 82 88 92 95 99 	0 4 7 12 22 26 33 43 50 58 63 66 70 73 76 81 87 91 94 97 	3 9 17 20 27 30 34 37 44 48 51 56 59 62 67 72 78 85 89 93 	2 5 8 11 15 19 25 32 38 41 45 49 53 61 64 68 75 80 84 98 	1 6 14 18 21 24 29 36 40 47 54 57 60 65 69 77 83 86 90 96 	
Avg LB p50: 1600
Query Size: 2 Avg LB p99: 6000
Avg LB p999: 9000
LB Throughput: 1759.1743139440073

Generated random load balanced config: 
4 13 14 20 42 45 48 51 56 63 65 66 68 69 80 82 84 91 93 95 	0 2 3 7 18 21 33 43 46 50 52 60 62 64 67 71 78 79 86 94 	10 15 17 19 24 29 30 32 34 35 37 38 39 41 47 55 73 74 81 83 	1 6 12 26 36 44 53 54 57 58 59 61 75 87 88 92 96 97 98 99 	5 8 9 11 16 22 23 25 27 28 31 40 49 70 72 76 77 85 89 90 	
Avg Random p50: 1800
Query Size: 2 Avg Random p99: 7200
Avg Random p999: 9800
Random Throughput: 1758.0354305670496
Generated parallel-maximising load balanced config: 
10 13 16 23 28 31 35 39 42 46 52 55 71 74 79 82 88 92 95 99 	0 4 7 12 22 26 33 43 50 58 63 66 70 73 76 81 87 91 94 97 	3 9 17 20 27 30 34 37 44 48 51 56 59 62 67 72 78 85 89 93 	2 5 8 11 15 19 25 32 38 41 45 49 53 61 64 68 75 80 84 98 	1 6 14 18 21 24 29 36 40 47 54 57 60 65 69 77 83 86 90 96 	
Avg LB p50: 1800
Query Size: 2 Avg LB p99: 6000
Avg LB p999: 8200
LB Throughput: 1758.0354305670496

Generated random load balanced config: 
4 12 20 25 26 31 32 33 50 51 57 60 73 79 82 93 94 96 98 99 	1 7 14 17 18 21 23 27 29 30 42 44 47 55 65 69 74 75 76 78 	2 5 8 9 13 15 24 35 41 45 49 56 61 63 64 66 70 71 72 83 	16 22 28 36 37 38 39 40 48 52 54 68 80 81 84 85 86 87 88 90 	0 3 6 10 11 19 34 43 46 53 58 59 62 67 77 89 91 92 95 97 	
Avg Random p50: 1800
Query Size: 2 Avg Random p99: 7600
Avg Random p999: 10800
Random Throughput: 1759.284956222393
Generated parallel-maximising load balanced config: 
10 13 16 23 28 31 35 39 42 46 52 55 71 74 79 82 88 92 95 99 	0 4 7 12 22 26 33 43 50 58 63 66 70 73 76 81 87 91 94 97 	3 9 17 20 27 30 34 37 44 48 51 56 59 62 67 72 78 85 89 93 	2 5 8 11 15 19 25 32 38 41 45 49 53 61 64 68 75 80 84 98 	1 6 14 18 21 24 29 36 40 47 54 57 60 65 69 77 83 86 90 96 	
Avg LB p50: 1600
Query Size: 2 Avg LB p99: 6000
Avg LB p999: 9400
LB Throughput: 1759.284956222393

Generated random load balanced config: 
10 13 16 17 18 22 26 28 29 34 41 43 48 65 75 79 90 94 95 96 	3 20 36 38 39 40 44 45 50 53 55 57 60 72 82 83 84 85 87 89 	9 11 15 19 25 32 37 49 52 56 59 61 62 64 67 69 70 73 76 77 	0 2 5 8 12 21 24 27 30 31 35 42 47 51 54 63 68 71 78 81 	1 4 6 7 14 23 33 46 58 66 74 80 86 88 91 92 93 97 98 99 	
Avg Random p50: 1800
Query Size: 2 Avg Random p99: 6800
Avg Random p999: 10000
Random Throughput: 1755.5185823836343
Generated parallel-maximising load balanced config: 
10 13 16 23 28 31 35 39 42 46 52 55 71 74 79 82 88 92 95 99 	0 4 7 12 22 26 33 43 50 58 63 66 70 73 76 81 87 91 94 97 	3 9 17 20 27 30 34 37 44 48 51 56 59 62 67 72 78 85 89 93 	2 5 8 11 15 19 25 32 38 41 45 49 53 61 64 68 75 80 84 98 	1 6 14 18 21 24 29 36 40 47 54 57 60 65 69 77 83 86 90 96 	
Avg LB p50: 1600
Query Size: 2 Avg LB p99: 5800
Avg LB p999: 8000
LB Throughput: 1755.5185823836343

Generated random load balanced config: 
2 4 5 9 10 11 14 21 23 33 35 37 38 43 53 54 59 65 68 71 	0 1 8 12 24 30 32 36 39 48 55 57 60 63 64 66 79 80 81 84 	6 7 17 19 26 28 45 47 62 67 77 78 86 91 92 93 96 97 98 99 	3 16 27 40 41 42 44 46 52 58 69 70 72 73 75 87 88 90 94 95 	13 15 18 20 22 25 29 31 34 49 50 51 56 61 74 76 82 83 85 89 	
Avg Random p50: 1800
Query Size: 2 Avg Random p99: 7200
Avg Random p999: 10400
Random Throughput: 1754.9955949610567
Generated parallel-maximising load balanced config: 
10 13 16 23 28 31 35 39 42 46 52 55 71 74 79 82 88 92 95 99 	0 4 7 12 22 26 33 43 50 58 63 66 70 73 76 81 87 91 94 97 	3 9 17 20 27 30 34 37 44 48 51 56 59 62 67 72 78 85 89 93 	2 5 8 11 15 19 25 32 38 41 45 49 53 61 64 68 75 80 84 98 	1 6 14 18 21 24 29 36 40 47 54 57 60 65 69 77 83 86 90 96 	
Avg LB p50: 1600
Query Size: 2 Avg LB p99: 6000
Avg LB p999: 8400
LB Throughput: 1754.9955949610567

Generated random load balanced config: 
9 11 15 21 29 34 36 37 44 48 52 58 59 60 71 73 77 83 85 89 	0 4 7 10 12 17 20 25 26 31 35 39 40 46 55 62 63 67 79 84 	5 14 24 30 32 43 47 53 56 82 87 90 91 92 94 95 96 97 98 99 	1 2 3 6 13 19 27 42 54 61 64 66 70 72 74 76 78 81 86 88 	8 16 18 22 23 28 33 38 41 45 49 50 51 57 65 68 69 75 80 93 	
Avg Random p50: 1800
Query Size: 2 Avg Random p99: 7000
Avg Random p999: 10400
Random Throughput: 1754.2036200623004
Generated parallel-maximising load balanced config: 
10 13 16 23 28 31 35 39 42 46 52 55 71 74 79 82 88 92 95 99 	0 4 7 12 22 26 33 43 50 58 63 66 70 73 76 81 87 91 94 97 	3 9 17 20 27 30 34 37 44 48 51 56 59 62 67 72 78 85 89 93 	2 5 8 11 15 19 25 32 38 41 45 49 53 61 64 68 75 80 84 98 	1 6 14 18 21 24 29 36 40 47 54 57 60 65 69 77 83 86 90 96 	
Avg LB p50: 1600
Query Size: 2 Avg LB p99: 6000
Avg LB p999: 8600
LB Throughput: 1754.2036200623004

Generated random load balanced config: 
2 5 9 19 25 29 35 45 50 52 66 72 80 89 93 95 96 97 98 99 	4 14 17 20 23 32 34 48 53 57 58 60 75 82 84 88 90 91 92 94 	7 8 12 13 15 16 18 22 26 28 33 44 54 61 62 64 65 68 73 77 	3 6 24 30 36 37 38 40 41 42 47 49 59 63 69 74 79 81 83 86 	0 1 10 11 21 27 31 39 43 46 51 55 56 67 70 71 76 78 85 87 	
Avg Random p50: 1800
Query Size: 2 Avg Random p99: 7000
Avg Random p999: 10600
Random Throughput: 1753.8936438894345
Generated parallel-maximising load balanced config: 
10 13 16 23 28 31 35 39 42 46 52 55 71 74 79 82 88 92 95 99 	0 4 7 12 22 26 33 43 50 58 63 66 70 73 76 81 87 91 94 97 	3 9 17 20 27 30 34 37 44 48 51 56 59 62 67 72 78 85 89 93 	2 5 8 11 15 19 25 32 38 41 45 49 53 61 64 68 75 80 84 98 	1 6 14 18 21 24 29 36 40 47 54 57 60 65 69 77 83 86 90 96 	
Avg LB p50: 1600
Query Size: 2 Avg LB p99: 5800
Avg LB p999: 7400
LB Throughput: 1753.8936438894345

Generated random load balanced config: 
2 22 23 24 32 36 39 42 45 55 58 59 62 63 64 68 72 74 78 79 	6 31 35 41 43 47 52 61 66 67 71 75 77 91 94 95 96 97 98 99 	1 4 5 8 9 12 15 25 29 30 37 38 44 46 76 80 81 82 84 85 	3 10 11 13 14 16 19 20 21 27 34 40 49 53 54 56 57 65 70 73 	0 7 17 18 26 28 33 48 50 51 60 69 83 86 87 88 89 90 92 93 	
Avg Random p50: 2000
Query Size: 2 Avg Random p99: 7400
Avg Random p999: 10600
Random Throughput: 1763.7088681045598
Generated parallel-maximising load balanced config: 
10 13 16 23 28 31 35 39 42 46 52 55 71 74 79 82 88 92 95 99 	0 4 7 12 22 26 33 43 50 58 63 66 70 73 76 81 87 91 94 97 	3 9 17 20 27 30 34 37 44 48 51 56 59 62 67 72 78 85 89 93 	2 5 8 11 15 19 25 32 38 41 45 49 53 61 64 68 75 80 84 98 	1 6 14 18 21 24 29 36 40 47 54 57 60 65 69 77 83 86 90 96 	
Avg LB p50: 1800
Query Size: 2 Avg LB p99: 6000
Avg LB p999: 8600
LB Throughput: 1763.7088681045598

Generated random load balanced config: 
4 9 11 17 29 30 32 34 36 37 40 42 46 48 58 59 61 64 66 67 	0 7 10 18 23 25 27 31 38 39 44 63 68 69 77 82 86 88 92 97 	2 5 12 19 21 24 28 33 43 47 49 56 70 71 75 81 90 93 95 99 	1 13 14 15 22 35 41 45 51 52 53 55 60 65 72 78 80 84 85 89 	3 6 8 16 20 26 50 54 57 62 73 74 76 79 83 87 91 94 96 98 	
Avg Random p50: 1800
Query Size: 2 Avg Random p99: 7000
Avg Random p999: 10000
Random Throughput: 1754.5775832536096
Generated parallel-maximising load balanced config: 
10 13 16 23 28 31 35 39 42 46 52 55 71 74 79 82 88 92 95 99 	0 4 7 12 22 26 33 43 50 58 63 66 70 73 76 81 87 91 94 97 	3 9 17 20 27 30 34 37 44 48 51 56 59 62 67 72 78 85 89 93 	2 5 8 11 15 19 25 32 38 41 45 49 53 61 64 68 75 80 84 98 	1 6 14 18 21 24 29 36 40 47 54 57 60 65 69 77 83 86 90 96 	
Avg LB p50: 1800
Query Size: 2 Avg LB p99: 6200
Avg LB p999: 9000
LB Throughput: 1754.5775832536096

Generated random load balanced config: 
17 19 20 21 23 29 30 31 40 41 51 55 58 61 63 65 70 71 76 80 	1 3 5 8 9 11 34 37 38 39 42 43 59 62 67 68 72 81 82 83 	4 6 7 15 16 22 25 28 32 33 35 44 45 46 47 50 52 56 60 66 	0 13 26 27 49 54 57 69 73 75 78 79 84 86 87 88 89 90 91 96 	2 10 12 14 18 24 36 48 53 64 74 77 85 92 93 94 95 97 98 99 	
Avg Random p50: 2000
Query Size: 2 Avg Random p99: 7600
Avg Random p999: 11000
Random Throughput: 1765.5367231638418
Generated parallel-maximising load balanced config: 
10 13 16 23 28 31 35 39 42 46 52 55 71 74 79 82 88 92 95 99 	0 4 7 12 22 26 33 43 50 58 63 66 70 73 76 81 87 91 94 97 	3 9 17 20 27 30 34 37 44 48 51 56 59 62 67 72 78 85 89 93 	2 5 8 11 15 19 25 32 38 41 45 49 53 61 64 68 75 80 84 98 	1 6 14 18 21 24 29 36 40 47 54 57 60 65 69 77 83 86 90 96 	
Avg LB p50: 1800
Query Size: 2 Avg LB p99: 6200
Avg LB p999: 8400
LB Throughput: 1765.5367231638418

Generated random load balanced config: 
3 16 17 25 30 31 32 33 44 50 52 59 61 62 64 68 69 83 97 98 	2 6 7 19 20 22 27 29 34 37 40 42 53 55 58 70 74 78 92 93 	4 9 14 15 23 28 38 51 54 57 66 71 72 77 80 86 88 89 90 95 	1 8 13 21 24 26 43 45 46 47 73 75 76 79 84 87 91 94 96 99 	0 5 10 11 12 18 35 36 39 41 48 49 56 60 63 65 67 81 82 85 	
Avg Random p50: 1800
Query Size: 2 Avg Random p99: 7000
Avg Random p999: 9400
Random Throughput: 1757.5209815051674
Generated parallel-maximising load balanced config: 
10 13 16 23 28 31 35 39 42 46 52 55 71 74 79 82 88 92 95 99 	0 4 7 12 22 26 33 43 50 58 63 66 70 73 76 81 87 91 94 97 	3 9 17 20 27 30 34 37 44 48 51 56 59 62 67 72 78 85 89 93 	2 5 8 11 15 19 25 32 38 41 45 49 53 61 64 68 75 80 84 98 	1 6 14 18 21 24 29 36 40 47 54 57 60 65 69 77 83 86 90 96 	
Avg LB p50: 1800
Query Size: 2 Avg LB p99: 5800
Avg LB p999: 8200
LB Throughput: 1757.5209815051674

Generated random load balanced config: 
0 2 4 9 22 37 38 39 40 43 44 46 50 58 61 65 67 68 71 75 	1 5 11 14 15 19 23 32 33 35 42 47 54 56 60 81 82 83 84 87 	16 17 21 24 25 29 31 41 45 49 51 52 62 72 73 74 76 80 88 95 	3 6 7 12 13 20 26 27 30 34 59 63 64 66 69 70 85 91 96 99 	8 10 18 28 36 48 53 55 57 77 78 79 86 89 90 92 93 94 97 98 	
Avg Random p50: 1800
Query Size: 2 Avg Random p99: 7400
Avg Random p999: 11200
Random Throughput: 1761.222288268058
Generated parallel-maximising load balanced config: 
10 13 16 23 28 31 35 39 42 46 52 55 71 74 79 82 88 92 95 99 	0 4 7 12 22 26 33 43 50 58 63 66 70 73 76 81 87 91 94 97 	3 9 17 20 27 30 34 37 44 48 51 56 59 62 67 72 78 85 89 93 	2 5 8 11 15 19 25 32 38 41 45 49 53 61 64 68 75 80 84 98 	1 6 14 18 21 24 29 36 40 47 54 57 60 65 69 77 83 86 90 96 	
Avg LB p50: 1800
Query Size: 2 Avg LB p99: 6200
Avg LB p999: 8800
LB Throughput: 1761.222288268058

Generated random load balanced config: 
1 13 15 25 29 38 39 41 42 43 45 55 57 64 70 71 77 78 82 92 	2 4 7 8 10 11 23 24 26 28 30 50 51 58 59 60 62 65 81 83 	3 5 6 18 19 20 22 32 40 44 46 56 73 74 80 86 90 91 95 99 	12 16 27 36 37 47 49 53 61 66 67 69 75 76 84 85 87 93 94 97 	0 9 14 17 21 31 33 34 35 48 52 54 63 68 72 79 88 89 96 98 	
Avg Random p50: 1800
Query Size: 2 Avg Random p99: 7400
Avg Random p999: 10600
Random Throughput: 1759.01727223035
Generated parallel-maximising load balanced config: 
10 13 16 23 28 31 35 39 42 46 52 55 71 74 79 82 88 92 95 99 	0 4 7 12 22 26 33 43 50 58 63 66 70 73 76 81 87 91 94 97 	3 9 17 20 27 30 34 37 44 48 51 56 59 62 67 72 78 85 89 93 	2 5 8 11 15 19 25 32 38 41 45 49 53 61 64 68 75 80 84 98 	1 6 14 18 21 24 29 36 40 47 54 57 60 65 69 77 83 86 90 96 	
Avg LB p50: 1800
Query Size: 2 Avg LB p99: 6200
Avg LB p999: 8200
LB Throughput: 1759.01727223035

Generated random load balanced config: 
1 11 16 30 31 36 40 49 52 53 57 58 67 71 79 80 81 86 87 91 	0 2 4 7 19 24 29 33 41 43 54 61 68 75 78 84 88 93 95 97 	3 6 10 14 22 32 34 35 38 45 46 51 60 62 65 66 70 72 73 74 	9 13 15 20 21 23 25 37 39 42 44 47 48 50 55 59 64 69 76 77 	5 8 12 17 18 26 27 28 56 63 82 83 85 89 90 92 94 96 98 99 	
Avg Random p50: 1800
Query Size: 2 Avg Random p99: 7200
Avg Random p999: 10400
Random Throughput: 1758.2170272769788
Generated parallel-maximising load balanced config: 
10 13 16 23 28 31 35 39 42 46 52 55 71 74 79 82 88 92 95 99 	0 4 7 12 22 26 33 43 50 58 63 66 70 73 76 81 87 91 94 97 	3 9 17 20 27 30 34 37 44 48 51 56 59 62 67 72 78 85 89 93 	2 5 8 11 15 19 25 32 38 41 45 49 53 61 64 68 75 80 84 98 	1 6 14 18 21 24 29 36 40 47 54 57 60 65 69 77 83 86 90 96 	
Avg LB p50: 1800
Query Size: 2 Avg LB p99: 6000
Avg LB p999: 7800
LB Throughput: 1758.2170272769788

Generated random load balanced config: 
8 13 17 18 27 28 37 50 51 69 71 74 76 79 86 87 89 94 95 97 	0 6 10 19 29 30 35 38 40 46 47 48 70 77 80 81 88 91 92 96 	3 5 9 14 16 22 25 26 36 42 43 44 49 53 56 58 60 65 66 68 	1 4 7 20 23 32 33 54 57 59 64 75 78 83 84 85 90 93 98 99 	2 11 12 15 21 24 31 34 39 41 45 52 55 61 62 63 67 72 73 82 	
Avg Random p50: 1800
Query Size: 2 Avg Random p99: 7200
Avg Random p999: 10000
Random Throughput: 1756.3526176459868
Generated parallel-maximising load balanced config: 
10 13 16 23 28 31 35 39 42 46 52 55 71 74 79 82 88 92 95 99 	0 4 7 12 22 26 33 43 50 58 63 66 70 73 76 81 87 91 94 97 	3 9 17 20 27 30 34 37 44 48 51 56 59 62 67 72 78 85 89 93 	2 5 8 11 15 19 25 32 38 41 45 49 53 61 64 68 75 80 84 98 	1 6 14 18 21 24 29 36 40 47 54 57 60 65 69 77 83 86 90 96 	
Avg LB p50: 1800
Query Size: 2 Avg LB p99: 6200
Avg LB p999: 9400
LB Throughput: 1756.3526176459868

Generated random load balanced config: 
2 10 16 24 25 27 29 34 40 41 43 44 49 54 55 57 60 64 72 73 	0 3 4 7 13 14 15 19 22 30 31 36 47 52 59 63 66 67 69 71 	11 12 18 20 23 35 48 53 56 70 75 77 79 82 85 90 94 95 97 99 	5 6 8 17 32 37 42 45 46 50 51 58 61 62 65 78 80 88 91 92 	1 9 21 26 28 33 38 39 68 74 76 81 83 84 86 87 89 93 96 98 	
Avg Random p50: 1800
Query Size: 2 Avg Random p99: 6800
Avg Random p999: 10800
Random Throughput: 1754.7284448061137
Generated parallel-maximising load balanced config: 
10 13 16 23 28 31 35 39 42 46 52 55 71 74 79 82 88 92 95 99 	0 4 7 12 22 26 33 43 50 58 63 66 70 73 76 81 87 91 94 97 	3 9 17 20 27 30 34 37 44 48 51 56 59 62 67 72 78 85 89 93 	2 5 8 11 15 19 25 32 38 41 45 49 53 61 64 68 75 80 84 98 	1 6 14 18 21 24 29 36 40 47 54 57 60 65 69 77 83 86 90 96 	
Avg LB p50: 1600
Query Size: 2 Avg LB p99: 6000
Avg LB p999: 8400
LB Throughput: 1754.7284448061137

Generated random load balanced config: 
4 5 7 8 10 17 20 22 30 31 45 50 51 56 65 67 68 72 73 78 	3 16 18 19 29 39 47 59 75 77 79 80 82 86 87 91 92 93 94 99 	2 9 11 13 25 27 32 36 41 58 60 62 64 69 70 81 95 96 97 98 	0 1 12 14 21 26 33 34 35 48 49 52 53 61 66 76 84 85 89 90 	6 15 23 24 28 37 38 40 42 43 44 46 54 55 57 63 71 74 83 88 	
Avg Random p50: 1800
Query Size: 2 Avg Random p99: 7800
Avg Random p999: 11200
Random Throughput: 1758.936054759197
Generated parallel-maximising load balanced config: 
10 13 16 23 28 31 35 39 42 46 52 55 71 74 79 82 88 92 95 99 	0 4 7 12 22 26 33 43 50 58 63 66 70 73 76 81 87 91 94 97 	3 9 17 20 27 30 34 37 44 48 51 56 59 62 67 72 78 85 89 93 	2 5 8 11 15 19 25 32 38 41 45 49 53 61 64 68 75 80 84 98 	1 6 14 18 21 24 29 36 40 47 54 57 60 65 69 77 83 86 90 96 	
Avg LB p50: 1600
Query Size: 2 Avg LB p99: 6200
Avg LB p999: 8600
LB Throughput: 1758.936054759197

Generated random load balanced config: 
6 10 18 20 22 25 27 32 35 43 47 55 57 60 64 67 74 83 90 92 	3 4 15 17 33 37 41 45 46 51 52 59 61 65 80 82 84 85 86 87 	0 1 8 12 16 21 31 34 53 54 66 69 70 72 73 75 79 88 95 98 	2 5 11 13 14 19 39 40 48 49 58 62 63 68 71 78 81 89 93 94 	7 9 23 24 26 28 29 30 36 38 42 44 50 56 76 77 91 96 97 99 	
Avg Random p50: 1800
Query Size: 2 Avg Random p99: 7200
Avg Random p999: 10400
Random Throughput: 1756.9119110721465
Generated parallel-maximising load balanced config: 
10 13 16 23 28 31 35 39 42 46 52 55 71 74 79 82 88 92 95 99 	0 4 7 12 22 26 33 43 50 58 63 66 70 73 76 81 87 91 94 97 	3 9 17 20 27 30 34 37 44 48 51 56 59 62 67 72 78 85 89 93 	2 5 8 11 15 19 25 32 38 41 45 49 53 61 64 68 75 80 84 98 	1 6 14 18 21 24 29 36 40 47 54 57 60 65 69 77 83 86 90 96 	
Avg LB p50: 1800
Query Size: 2 Avg LB p99: 6000
Avg LB p999: 8200
LB Throughput: 1756.9119110721465

Generated random load balanced config: 
2 6 10 23 27 31 32 43 55 62 74 91 92 93 94 95 96 97 98 99 	4 18 21 25 26 30 33 37 38 40 52 56 59 65 67 73 75 82 84 86 	1 9 12 19 28 41 42 45 48 69 70 72 78 81 83 85 87 88 89 90 	0 7 8 15 24 29 34 46 47 49 53 57 58 63 66 68 76 77 79 80 	3 5 11 13 14 16 17 20 22 35 36 39 44 50 51 54 60 61 64 71 	
Avg Random p50: 1800
Query Size: 2 Avg Random p99: 7400
Avg Random p999: 11000
Random Throughput: 1758.9840108353415
Generated parallel-maximising load balanced config: 
10 13 16 23 28 31 35 39 42 46 52 55 71 74 79 82 88 92 95 99 	0 4 7 12 22 26 33 43 50 58 63 66 70 73 76 81 87 91 94 97 	3 9 17 20 27 30 34 37 44 48 51 56 59 62 67 72 78 85 89 93 	2 5 8 11 15 19 25 32 38 41 45 49 53 61 64 68 75 80 84 98 	1 6 14 18 21 24 29 36 40 47 54 57 60 65 69 77 83 86 90 96 	
Avg LB p50: 1600
Query Size: 2 Avg LB p99: 6000
Avg LB p999: 8200
LB Throughput: 1758.9840108353415

Generated random load balanced config: 
5 7 9 10 12 13 18 19 26 28 36 37 41 42 50 53 54 55 58 64 	1 6 8 11 31 33 39 44 49 56 61 63 66 68 71 72 82 84 94 95 	4 23 25 29 32 34 38 40 48 57 60 65 74 76 78 81 85 89 90 91 	0 2 3 16 17 21 22 24 35 45 47 51 52 62 67 75 77 83 86 87 	14 15 20 27 30 43 46 59 69 70 73 79 80 88 92 93 96 97 98 99 	
Avg Random p50: 1800
Query Size: 2 Avg Random p99: 7000
Avg Random p999: 9400
Random Throughput: 1756.2901531836274
Generated parallel-maximising load balanced config: 
10 13 16 23 28 31 35 39 42 46 52 55 71 74 79 82 88 92 95 99 	0 4 7 12 22 26 33 43 50 58 63 66 70 73 76 81 87 91 94 97 	3 9 17 20 27 30 34 37 44 48 51 56 59 62 67 72 78 85 89 93 	2 5 8 11 15 19 25 32 38 41 45 49 53 61 64 68 75 80 84 98 	1 6 14 18 21 24 29 36 40 47 54 57 60 65 69 77 83 86 90 96 	
Avg LB p50: 1600
Query Size: 2 Avg LB p99: 6200
Avg LB p999: 8600
LB Throughput: 1756.2901531836274

Generated random load balanced config: 
0 2 3 6 7 8 9 10 17 18 20 21 23 28 39 41 44 45 47 48 	4 15 22 27 42 52 53 54 58 62 63 69 79 80 84 86 87 88 89 91 	14 24 26 34 35 38 50 51 57 68 70 71 72 73 77 85 90 92 93 95 	1 5 11 12 13 16 19 25 29 30 31 40 56 59 64 65 67 78 82 83 	32 33 36 37 43 46 49 55 60 61 66 74 75 76 81 94 96 97 98 99 	
Avg Random p50: 2000
Query Size: 2 Avg Random p99: 8200
Avg Random p999: 11200
Random Throughput: 1767.5339366515836
Generated parallel-maximising load balanced config: 
10 13 16 23 28 31 35 39 42 46 52 55 71 74 79 82 88 92 95 99 	0 4 7 12 22 26 33 43 50 58 63 66 70 73 76 81 87 91 94 97 	3 9 17 20 27 30 34 37 44 48 51 56 59 62 67 72 78 85 89 93 	2 5 8 11 15 19 25 32 38 41 45 49 53 61 64 68 75 80 84 98 	1 6 14 18 21 24 29 36 40 47 54 57 60 65 69 77 83 86 90 96 	
Avg LB p50: 1800
Query Size: 2 Avg LB p99: 6200
Avg LB p999: 8600
LB Throughput: 1767.5339366515836

Generated random load balanced config: 
0 3 5 7 8 9 15 24 33 35 40 41 42 49 56 62 63 78 79 86 	6 16 26 28 29 31 38 44 53 57 64 66 75 76 80 81 85 89 95 96 	1 4 10 12 14 17 18 23 30 34 37 39 45 47 50 51 55 68 73 77 	25 32 36 43 52 60 61 65 69 71 74 82 84 88 91 92 94 97 98 99 	2 11 13 19 20 21 22 27 46 48 54 58 59 67 70 72 83 87 90 93 	
Avg Random p50: 1800
Query Size: 2 Avg Random p99: 7200
Avg Random p999: 10000
Random Throughput: 1755.9470634638778
Generated parallel-maximising load balanced config: 
10 13 16 23 28 31 35 39 42 46 52 55 71 74 79 82 88 92 95 99 	0 4 7 12 22 26 33 43 50 58 63 66 70 73 76 81 87 91 94 97 	3 9 17 20 27 30 34 37 44 48 51 56 59 62 67 72 78 85 89 93 	2 5 8 11 15 19 25 32 38 41 45 49 53 61 64 68 75 80 84 98 	1 6 14 18 21 24 29 36 40 47 54 57 60 65 69 77 83 86 90 96 	
Avg LB p50: 1600
Query Size: 2 Avg LB p99: 6000
Avg LB p999: 8800
LB Throughput: 1755.9470634638778

Generated random load balanced config: 
1 6 9 16 19 22 28 37 43 58 62 67 76 78 90 95 96 97 98 99 	10 13 14 21 26 31 32 33 39 41 47 50 56 61 65 75 79 82 83 88 	5 8 15 18 30 35 44 46 53 60 68 69 72 77 81 84 85 86 89 94 	7 11 17 20 24 25 29 34 38 48 49 52 54 55 57 59 64 71 73 87 	0 2 3 4 12 23 27 36 40 42 45 51 63 66 70 74 80 91 92 93 	
Avg Random p50: 1800
Query Size: 2 Avg Random p99: 6800
Avg Random p999: 9200
Random Throughput: 1753.365475444774
Generated parallel-maximising load balanced config: 
10 13 16 23 28 31 35 39 42 46 52 55 71 74 79 82 88 92 95 99 	0 4 7 12 22 26 33 43 50 58 63 66 70 73 76 81 87 91 94 97 	3 9 17 20 27 30 34 37 44 48 51 56 59 62 67 72 78 85 89 93 	2 5 8 11 15 19 25 32 38 41 45 49 53 61 64 68 75 80 84 98 	1 6 14 18 21 24 29 36 40 47 54 57 60 65 69 77 83 86 90 96 	
Avg LB p50: 1600
Query Size: 2 Avg LB p99: 5800
Avg LB p999: 8000
LB Throughput: 1753.365475444774

Generated random load balanced config: 
10 21 23 27 39 42 48 62 64 65 70 77 79 80 89 90 91 94 97 99 	15 17 18 24 28 29 32 36 44 47 74 75 78 87 88 92 93 95 96 98 	6 7 9 12 19 26 37 43 46 51 53 58 63 67 81 82 83 84 85 86 	0 2 4 8 13 20 31 33 34 40 41 45 50 56 59 61 66 68 71 72 	1 3 5 11 14 16 22 25 30 35 38 49 52 54 55 57 60 69 73 76 	
Avg Random p50: 1800
Query Size: 2 Avg Random p99: 7200
Avg Random p999: 10600
Random Throughput: 1755.3698959328956
Generated parallel-maximising load balanced config: 
10 13 16 23 28 31 35 39 42 46 52 55 71 74 79 82 88 92 95 99 	0 4 7 12 22 26 33 43 50 58 63 66 70 73 76 81 87 91 94 97 	3 9 17 20 27 30 34 37 44 48 51 56 59 62 67 72 78 85 89 93 	2 5 8 11 15 19 25 32 38 41 45 49 53 61 64 68 75 80 84 98 	1 6 14 18 21 24 29 36 40 47 54 57 60 65 69 77 83 86 90 96 	
Avg LB p50: 1600
Query Size: 2 Avg LB p99: 5800
Avg LB p999: 8400
LB Throughput: 1755.3698959328956

Generated random load balanced config: 
3 6 9 20 22 23 26 27 28 29 36 39 48 60 61 65 71 74 85 88 	0 1 4 7 10 17 34 38 40 43 44 45 47 55 58 59 64 70 79 80 	2 8 12 19 24 25 33 35 37 46 50 51 69 77 81 82 87 89 92 94 	5 11 13 14 15 16 18 30 42 49 52 53 56 57 62 63 68 73 83 84 	21 31 32 41 54 66 67 72 75 76 78 86 90 91 93 95 96 97 98 99 	
Avg Random p50: 1800
Query Size: 2 Avg Random p99: 7600
Avg Random p999: 10800
Random Throughput: 1758.9221325171936
Generated parallel-maximising load balanced config: 
10 13 16 23 28 31 35 39 42 46 52 55 71 74 79 82 88 92 95 99 	0 4 7 12 22 26 33 43 50 58 63 66 70 73 76 81 87 91 94 97 	3 9 17 20 27 30 34 37 44 48 51 56 59 62 67 72 78 85 89 93 	2 5 8 11 15 19 25 32 38 41 45 49 53 61 64 68 75 80 84 98 	1 6 14 18 21 24 29 36 40 47 54 57 60 65 69 77 83 86 90 96 	
Avg LB p50: 1600
Query Size: 2 Avg LB p99: 6000
Avg LB p999: 8000
LB Throughput: 1758.9221325171936

Generated random load balanced config: 
1 3 5 7 8 10 15 20 23 27 39 43 49 50 51 59 66 67 69 70 	6 9 11 18 21 28 32 37 41 58 61 81 84 89 91 93 94 95 96 99 	0 19 30 36 45 46 47 53 63 65 79 80 83 86 87 88 90 92 97 98 	12 13 14 16 17 24 26 29 31 35 52 54 57 60 62 71 74 78 82 85 	2 4 22 25 33 34 38 40 42 44 48 55 56 64 68 72 73 75 76 77 	
Avg Random p50: 1800
Query Size: 2 Avg Random p99: 7400
Avg Random p999: 10600
Random Throughput: 1757.0168664834096
Generated parallel-maximising load balanced config: 
10 13 16 23 28 31 35 39 42 46 52 55 71 74 79 82 88 92 95 99 	0 4 7 12 22 26 33 43 50 58 63 66 70 73 76 81 87 91 94 97 	3 9 17 20 27 30 34 37 44 48 51 56 59 62 67 72 78 85 89 93 	2 5 8 11 15 19 25 32 38 41 45 49 53 61 64 68 75 80 84 98 	1 6 14 18 21 24 29 36 40 47 54 57 60 65 69 77 83 86 90 96 	
Avg LB p50: 1600
Query Size: 2 Avg LB p99: 6000
Avg LB p999: 8200
LB Throughput: 1757.0168664834096

Generated random load balanced config: 
1 5 16 22 23 24 33 34 37 40 41 44 45 65 73 78 79 82 83 89 	6 25 30 36 43 47 49 51 64 67 72 75 81 84 85 86 87 90 93 96 	2 7 8 9 12 14 19 26 31 35 38 39 55 57 58 61 70 76 77 80 	4 10 18 20 28 48 52 53 59 63 66 69 88 91 92 94 95 97 98 99 	0 3 11 13 15 17 21 27 29 32 42 46 50 54 56 60 62 68 71 74 	
Avg Random p50: 1800
Query Size: 2 Avg Random p99: 6800
Avg Random p999: 9600
Random Throughput: 1757.5642268892389
Generated parallel-maximising load balanced config: 
10 13 16 23 28 31 35 39 42 46 52 55 71 74 79 82 88 92 95 99 	0 4 7 12 22 26 33 43 50 58 63 66 70 73 76 81 87 91 94 97 	3 9 17 20 27 30 34 37 44 48 51 56 59 62 67 72 78 85 89 93 	2 5 8 11 15 19 25 32 38 41 45 49 53 61 64 68 75 80 84 98 	1 6 14 18 21 24 29 36 40 47 54 57 60 65 69 77 83 86 90 96 	
Avg LB p50: 1800
Query Size: 2 Avg LB p99: 6000
Avg LB p999: 8000
LB Throughput: 1757.5642268892389

Generated random load balanced config: 
2 6 7 12 17 21 22 39 44 45 50 55 59 60 67 74 75 94 96 99 	0 1 18 23 24 26 38 43 48 54 56 57 70 71 72 81 85 87 89 91 	3 8 14 16 19 25 27 30 36 41 46 49 73 76 77 90 92 93 95 97 	4 5 20 28 29 32 47 51 52 53 58 65 66 68 69 80 82 83 86 98 	9 10 11 13 15 31 33 34 35 37 40 42 61 62 63 64 78 79 84 88 	
Avg Random p50: 1800
Query Size: 2 Avg Random p99: 7200
Avg Random p999: 10400
Random Throughput: 1758.188432966209
Generated parallel-maximising load balanced config: 
10 13 16 23 28 31 35 39 42 46 52 55 71 74 79 82 88 92 95 99 	0 4 7 12 22 26 33 43 50 58 63 66 70 73 76 81 87 91 94 97 	3 9 17 20 27 30 34 37 44 48 51 56 59 62 67 72 78 85 89 93 	2 5 8 11 15 19 25 32 38 41 45 49 53 61 64 68 75 80 84 98 	1 6 14 18 21 24 29 36 40 47 54 57 60 65 69 77 83 86 90 96 	
Avg LB p50: 1600
Query Size: 2 Avg LB p99: 6000
Avg LB p999: 8600
LB Throughput: 1758.188432966209

Generated random load balanced config: 
1 5 15 16 18 25 29 36 45 47 50 51 57 60 63 67 68 71 73 83 	0 13 19 30 34 40 41 46 55 76 81 82 85 89 90 92 94 97 98 99 	2 3 6 12 23 24 32 33 43 44 52 53 59 66 72 77 84 86 87 88 	4 7 8 10 11 14 20 37 38 39 48 54 56 62 64 65 78 79 93 96 	9 17 21 22 26 27 28 31 35 42 49 58 61 69 70 74 75 80 91 95 	
Avg Random p50: 1800
Query Size: 2 Avg Random p99: 7200
Avg Random p999: 10200
Random Throughput: 1759.4753244582464
Generated parallel-maximising load balanced config: 
10 13 16 23 28 31 35 39 42 46 52 55 71 74 79 82 88 92 95 99 	0 4 7 12 22 26 33 43 50 58 63 66 70 73 76 81 87 91 94 97 	3 9 17 20 27 30 34 37 44 48 51 56 59 62 67 72 78 85 89 93 	2 5 8 11 15 19 25 32 38 41 45 49 53 61 64 68 75 80 84 98 	1 6 14 18 21 24 29 36 40 47 54 57 60 65 69 77 83 86 90 96 	
Avg LB p50: 1600
Query Size: 2 Avg LB p99: 6200
Avg LB p999: 8800
LB Throughput: 1759.4753244582464

Generated random load balanced config: 
0 2 7 10 29 31 33 34 36 45 47 55 65 76 78 80 82 93 95 96 	4 6 12 15 21 37 41 43 46 48 50 52 57 62 75 83 91 97 98 99 	1 8 9 11 14 16 19 25 27 28 35 38 42 49 63 66 69 73 92 94 	3 5 17 18 22 23 26 30 40 53 54 58 59 64 67 71 72 77 81 86 	13 20 24 32 39 44 51 56 60 61 68 70 74 79 84 85 87 88 89 90 	
Avg Random p50: 1800
Query Size: 2 Avg Random p99: 6800
Avg Random p999: 9400
Random Throughput: 1754.2336235712864
Generated parallel-maximising load balanced config: 
10 13 16 23 28 31 35 39 42 46 52 55 71 74 79 82 88 92 95 99 	0 4 7 12 22 26 33 43 50 58 63 66 70 73 76 81 87 91 94 97 	3 9 17 20 27 30 34 37 44 48 51 56 59 62 67 72 78 85 89 93 	2 5 8 11 15 19 25 32 38 41 45 49 53 61 64 68 75 80 84 98 	1 6 14 18 21 24 29 36 40 47 54 57 60 65 69 77 83 86 90 96 	
Avg LB p50: 1800
Query Size: 2 Avg LB p99: 6000
Avg LB p999: 8200
LB Throughput: 1754.2336235712864

Generated random load balanced config: 
8 10 13 21 24 25 28 29 31 41 44 46 50 51 58 61 77 80 94 98 	4 7 12 17 19 23 34 35 40 48 55 56 57 59 60 63 65 67 68 70 	0 1 15 16 18 20 27 30 32 36 37 43 52 54 69 73 78 84 85 86 	2 5 14 22 26 38 42 45 49 71 74 75 76 79 81 82 83 89 90 91 	3 6 9 11 33 39 47 53 62 64 66 72 87 88 92 93 95 96 97 99 	
Avg Random p50: 1800
Query Size: 2 Avg Random p99: 7200
Avg Random p999: 9800
Random Throughput: 1758.826229727329
Generated parallel-maximising load balanced config: 
10 13 16 23 28 31 35 39 42 46 52 55 71 74 79 82 88 92 95 99 	0 4 7 12 22 26 33 43 50 58 63 66 70 73 76 81 87 91 94 97 	3 9 17 20 27 30 34 37 44 48 51 56 59 62 67 72 78 85 89 93 	2 5 8 11 15 19 25 32 38 41 45 49 53 61 64 68 75 80 84 98 	1 6 14 18 21 24 29 36 40 47 54 57 60 65 69 77 83 86 90 96 	
Avg LB p50: 1800
Query Size: 2 Avg LB p99: 6000
Avg LB p999: 8200
LB Throughput: 1758.826229727329

Generated random load balanced config: 
4 7 11 12 19 29 38 39 40 46 47 54 55 56 66 69 71 72 73 85 	13 18 21 25 26 27 32 33 34 42 61 62 63 70 78 81 83 89 94 95 	0 3 15 20 22 28 30 43 48 52 53 57 64 65 67 80 91 92 93 97 	8 14 16 17 23 36 44 45 49 58 59 60 68 75 84 87 90 96 98 99 	1 2 5 6 9 10 24 31 35 37 41 50 51 74 76 77 79 82 86 88 	
Avg Random p50: 2000
Query Size: 2 Avg Random p99: 7400
Avg Random p999: 10000
Random Throughput: 1761.6915762515166
Generated parallel-maximising load balanced config: 
10 13 16 23 28 31 35 39 42 46 52 55 71 74 79 82 88 92 95 99 	0 4 7 12 22 26 33 43 50 58 63 66 70 73 76 81 87 91 94 97 	3 9 17 20 27 30 34 37 44 48 51 56 59 62 67 72 78 85 89 93 	2 5 8 11 15 19 25 32 38 41 45 49 53 61 64 68 75 80 84 98 	1 6 14 18 21 24 29 36 40 47 54 57 60 65 69 77 83 86 90 96 	
Avg LB p50: 1800
Query Size: 2 Avg LB p99: 6200
Avg LB p999: 9000
LB Throughput: 1761.6915762515166

Generated random load balanced config: 
1 2 7 13 22 32 37 39 49 50 53 63 75 87 88 93 94 95 96 97 	4 6 15 16 18 21 24 26 28 40 57 58 61 62 64 67 69 70 84 91 	12 25 29 30 31 41 44 45 47 52 54 56 65 71 72 74 77 78 82 85 	0 9 10 11 17 20 23 27 34 46 48 59 60 66 68 73 79 81 83 86 	3 5 8 14 19 33 35 36 38 42 43 51 55 76 80 89 90 92 98 99 	
Avg Random p50: 1800
Query Size: 2 Avg Random p99: 7200
Avg Random p999: 10200
Random Throughput: 1759.3693012928727
Generated parallel-maximising load balanced config: 
10 13 16 23 28 31 35 39 42 46 52 55 71 74 79 82 88 92 95 99 	0 4 7 12 22 26 33 43 50 58 63 66 70 73 76 81 87 91 94 97 	3 9 17 20 27 30 34 37 44 48 51 56 59 62 67 72 78 85 89 93 	2 5 8 11 15 19 25 32 38 41 45 49 53 61 64 68 75 80 84 98 	1 6 14 18 21 24 29 36 40 47 54 57 60 65 69 77 83 86 90 96 	
Avg LB p50: 1800
Query Size: 2 Avg LB p99: 6000
Avg LB p999: 8000
LB Throughput: 1759.3693012928727

Generated random load balanced config: 
17 19 20 27 29 37 38 39 44 46 50 55 57 63 70 71 72 73 79 84 	4 8 9 11 13 16 28 31 35 40 49 54 67 68 76 77 80 87 88 90 	0 1 2 12 14 33 34 36 42 43 45 48 56 59 65 66 69 75 89 92 	5 7 10 18 21 22 23 24 25 30 32 41 47 52 53 60 61 64 82 86 	3 6 15 26 51 58 62 74 78 81 83 85 91 93 94 95 96 97 98 99 	
Avg Random p50: 2000
Query Size: 2 Avg Random p99: 7400
Avg Random p999: 11200
Random Throughput: 1762.7893673833728
Generated parallel-maximising load balanced config: 
10 13 16 23 28 31 35 39 42 46 52 55 71 74 79 82 88 92 95 99 	0 4 7 12 22 26 33 43 50 58 63 66 70 73 76 81 87 91 94 97 	3 9 17 20 27 30 34 37 44 48 51 56 59 62 67 72 78 85 89 93 	2 5 8 11 15 19 25 32 38 41 45 49 53 61 64 68 75 80 84 98 	1 6 14 18 21 24 29 36 40 47 54 57 60 65 69 77 83 86 90 96 	
Avg LB p50: 1800
Query Size: 2 Avg LB p99: 6200
Avg LB p999: 8600
LB Throughput: 1762.7893673833728

Generated random load balanced config: 
0 1 6 10 15 27 29 46 58 62 66 67 72 75 78 79 84 89 91 92 	14 20 21 24 26 32 35 39 43 44 48 59 80 82 85 86 90 97 98 99 	8 9 22 31 42 57 60 61 64 68 70 71 77 81 83 87 88 93 94 96 	2 3 4 13 16 18 19 23 28 34 38 45 47 51 52 53 54 55 63 69 	5 7 11 12 17 25 30 33 36 37 40 41 49 50 56 65 73 74 76 95 	
Avg Random p50: 1800
Query Size: 2 Avg Random p99: 7400
Avg Random p999: 10200
Random Throughput: 1759.8685730149673
Generated parallel-maximising load balanced config: 
10 13 16 23 28 31 35 39 42 46 52 55 71 74 79 82 88 92 95 99 	0 4 7 12 22 26 33 43 50 58 63 66 70 73 76 81 87 91 94 97 	3 9 17 20 27 30 34 37 44 48 51 56 59 62 67 72 78 85 89 93 	2 5 8 11 15 19 25 32 38 41 45 49 53 61 64 68 75 80 84 98 	1 6 14 18 21 24 29 36 40 47 54 57 60 65 69 77 83 86 90 96 	
Avg LB p50: 1800
Query Size: 2 Avg LB p99: 6000
Avg LB p999: 8600
LB Throughput: 1759.8685730149673

Generated random load balanced config: 
6 21 22 23 57 63 64 72 75 79 80 86 91 92 94 95 96 97 98 99 	0 1 8 14 18 20 26 29 32 38 50 55 58 59 67 71 74 77 83 85 	2 4 5 16 17 25 28 36 37 41 43 45 47 52 61 70 78 81 90 93 	3 7 12 15 24 27 30 34 35 39 40 42 46 49 51 53 54 62 66 68 	9 10 11 13 19 31 33 44 48 56 60 65 69 73 76 82 84 87 88 89 	
Avg Random p50: 1800
Query Size: 2 Avg Random p99: 7000
Avg Random p999: 10600
Random Throughput: 1758.6050744549423
Generated parallel-maximising load balanced config: 
10 13 16 23 28 31 35 39 42 46 52 55 71 74 79 82 88 92 95 99 	0 4 7 12 22 26 33 43 50 58 63 66 70 73 76 81 87 91 94 97 	3 9 17 20 27 30 34 37 44 48 51 56 59 62 67 72 78 85 89 93 	2 5 8 11 15 19 25 32 38 41 45 49 53 61 64 68 75 80 84 98 	1 6 14 18 21 24 29 36 40 47 54 57 60 65 69 77 83 86 90 96 	
Avg LB p50: 1600
Query Size: 2 Avg LB p99: 6200
Avg LB p999: 8400
LB Throughput: 1758.6050744549423

Generated random load balanced config: 
14 25 34 38 40 41 43 44 45 48 53 57 60 66 75 76 77 78 86 88 	0 3 4 5 11 13 21 22 23 28 50 55 58 59 67 70 71 72 82 83 	7 8 9 12 19 20 29 33 35 42 54 56 63 64 73 74 96 97 98 99 	1 17 26 31 36 39 46 47 49 51 52 61 62 69 81 84 91 92 94 95 	2 6 10 15 16 18 24 27 30 32 37 65 68 79 80 85 87 89 90 93 	
Avg Random p50: 1800
Query Size: 2 Avg Random p99: 7400
Avg Random p999: 11400
Random Throughput: 1762.0089721496863
Generated parallel-maximising load balanced config: 
10 13 16 23 28 31 35 39 42 46 52 55 71 74 79 82 88 92 95 99 	0 4 7 12 22 26 33 43 50 58 63 66 70 73 76 81 87 91 94 97 	3 9 17 20 27 30 34 37 44 48 51 56 59 62 67 72 78 85 89 93 	2 5 8 11 15 19 25 32 38 41 45 49 53 61 64 68 75 80 84 98 	1 6 14 18 21 24 29 36 40 47 54 57 60 65 69 77 83 86 90 96 	
Avg LB p50: 1800
Query Size: 2 Avg LB p99: 6000
Avg LB p999: 8200
LB Throughput: 1762.0089721496863

Generated random load balanced config: 
4 8 9 10 14 15 19 20 28 30 31 42 44 45 48 49 54 57 58 70 	3 5 6 13 17 25 27 34 36 41 43 52 59 62 63 65 68 80 84 85 	0 12 16 22 26 32 33 37 46 47 60 72 75 82 87 88 89 90 93 96 	1 2 7 21 23 24 29 40 50 53 56 64 69 73 74 76 77 78 81 95 	11 18 35 38 39 51 55 61 66 67 71 79 83 86 91 92 94 97 98 99 	
Avg Random p50: 1800
Query Size: 2 Avg Random p99: 7400
Avg Random p999: 9800
Random Throughput: 1758.7867888730352
Generated parallel-maximising load balanced config: 
10 13 16 23 28 31 35 39 42 46 52 55 71 74 79 82 88 92 95 99 	0 4 7 12 22 26 33 43 50 58 63 66 70 73 76 81 87 91 94 97 	3 9 17 20 27 30 34 37 44 48 51 56 59 62 67 72 78 85 89 93 	2 5 8 11 15 19 25 32 38 41 45 49 53 61 64 68 75 80 84 98 	1 6 14 18 21 24 29 36 40 47 54 57 60 65 69 77 83 86 90 96 	
Avg LB p50: 1600
Query Size: 2 Avg LB p99: 5800
Avg LB p999: 8000
LB Throughput: 1758.7867888730352

Generated random load balanced config: 
4 7 12 14 15 17 25 27 36 38 43 46 47 51 54 57 58 59 62 63 	18 23 30 31 33 39 40 41 42 45 48 61 66 69 70 74 76 87 91 99 	2 16 19 21 26 28 29 35 37 64 65 72 73 75 79 81 83 88 90 94 	1 3 9 10 11 22 34 44 49 50 52 53 55 56 68 85 89 95 97 98 	0 5 6 8 13 20 24 32 60 67 71 77 78 80 82 84 86 92 93 96 	
Avg Random p50: 1800
Query Size: 2 Avg Random p99: 7000
Avg Random p999: 10400
Random Throughput: 1756.3055760945738
Generated parallel-maximising load balanced config: 
10 13 16 23 28 31 35 39 42 46 52 55 71 74 79 82 88 92 95 99 	0 4 7 12 22 26 33 43 50 58 63 66 70 73 76 81 87 91 94 97 	3 9 17 20 27 30 34 37 44 48 51 56 59 62 67 72 78 85 89 93 	2 5 8 11 15 19 25 32 38 41 45 49 53 61 64 68 75 80 84 98 	1 6 14 18 21 24 29 36 40 47 54 57 60 65 69 77 83 86 90 96 	
Avg LB p50: 1800
Query Size: 2 Avg LB p99: 6000
Avg LB p999: 8400
LB Throughput: 1756.3055760945738

Generated random load balanced config: 
6 7 8 13 28 32 38 39 42 48 53 62 65 67 69 71 73 77 78 79 	1 2 10 17 20 21 37 44 55 81 83 84 85 86 87 88 89 92 93 95 	9 18 22 29 45 56 60 64 72 75 76 80 82 90 91 94 96 97 98 99 	0 4 12 14 15 16 24 27 33 34 35 36 40 43 46 47 51 57 59 63 	3 5 11 19 23 25 26 30 31 41 49 50 52 54 58 61 66 68 70 74 	
Avg Random p50: 1800
Query Size: 2 Avg Random p99: 7600
Avg Random p999: 11000
Random Throughput: 1758.669250151795
Generated parallel-maximising load balanced config: 
10 13 16 23 28 31 35 39 42 46 52 55 71 74 79 82 88 92 95 99 	0 4 7 12 22 26 33 43 50 58 63 66 70 73 76 81 87 91 94 97 	3 9 17 20 27 30 34 37 44 48 51 56 59 62 67 72 78 85 89 93 	2 5 8 11 15 19 25 32 38 41 45 49 53 61 64 68 75 80 84 98 	1 6 14 18 21 24 29 36 40 47 54 57 60 65 69 77 83 86 90 96 	
Avg LB p50: 1600
Query Size: 2 Avg LB p99: 6000
Avg LB p999: 8400
LB Throughput: 1758.669250151795

Generated random load balanced config: 
4 6 12 13 24 25 38 41 53 58 65 68 69 71 75 78 79 91 92 93 	1 17 22 27 33 42 43 55 64 70 73 74 77 85 89 94 96 97 98 99 	2 8 23 32 34 35 37 46 52 56 57 61 66 76 82 83 86 87 90 95 	9 11 14 15 18 28 29 45 47 54 59 60 62 63 67 72 80 81 84 88 	0 3 5 7 10 16 19 20 21 26 30 31 36 39 40 44 48 49 50 51 	
Avg Random p50: 1800
Query Size: 2 Avg Random p99: 7200
Avg Random p999: 10400
Random Throughput: 1755.6303063926011
Generated parallel-maximising load balanced config: 
10 13 16 23 28 31 35 39 42 46 52 55 71 74 79 82 88 92 95 99 	0 4 7 12 22 26 33 43 50 58 63 66 70 73 76 81 87 91 94 97 	3 9 17 20 27 30 34 37 44 48 51 56 59 62 67 72 78 85 89 93 	2 5 8 11 15 19 25 32 38 41 45 49 53 61 64 68 75 80 84 98 	1 6 14 18 21 24 29 36 40 47 54 57 60 65 69 77 83 86 90 96 	
Avg LB p50: 1600
Query Size: 2 Avg LB p99: 5800
Avg LB p999: 8000
LB Throughput: 1755.6303063926011

Generated random load balanced config: 
1 9 11 13 14 18 21 24 35 39 40 45 59 63 66 68 75 84 86 89 	0 2 4 7 8 15 16 17 26 29 31 32 42 46 47 56 58 62 71 76 	3 12 23 25 28 30 33 34 36 37 41 44 54 57 61 67 70 77 87 93 	10 19 20 22 38 48 50 51 52 53 55 60 64 72 74 78 83 91 95 97 	5 6 27 43 49 65 69 73 79 80 81 82 85 88 90 92 94 96 98 99 	
Avg Random p50: 1800
Query Size: 2 Avg Random p99: 7200
Avg Random p999: 10600
Random Throughput: 1756.6526632171865
Generated parallel-maximising load balanced config: 
10 13 16 23 28 31 35 39 42 46 52 55 71 74 79 82 88 92 95 99 	0 4 7 12 22 26 33 43 50 58 63 66 70 73 76 81 87 91 94 97 	3 9 17 20 27 30 34 37 44 48 51 56 59 62 67 72 78 85 89 93 	2 5 8 11 15 19 25 32 38 41 45 49 53 61 64 68 75 80 84 98 	1 6 14 18 21 24 29 36 40 47 54 57 60 65 69 77 83 86 90 96 	
Avg LB p50: 1800
Query Size: 2 Avg LB p99: 6000
Avg LB p999: 9200
LB Throughput: 1756.6526632171865

Generated random load balanced config: 
11 13 16 21 26 33 38 46 47 49 61 62 64 66 71 79 80 81 84 86 	0 7 12 14 29 37 43 55 58 59 63 77 82 83 85 88 91 93 96 97 	6 9 20 23 25 27 32 35 44 65 74 78 87 89 90 92 94 95 98 99 	1 2 4 8 10 15 17 18 22 24 28 45 48 51 54 56 57 67 68 75 	3 5 19 30 31 34 36 39 40 41 42 50 52 53 60 69 70 72 73 76 	
Avg Random p50: 1800
Query Size: 2 Avg Random p99: 7200
Avg Random p999: 9800
Random Throughput: 1755.1272752482735
Generated parallel-maximising load balanced config: 
10 13 16 23 28 31 35 39 42 46 52 55 71 74 79 82 88 92 95 99 	0 4 7 12 22 26 33 43 50 58 63 66 70 73 76 81 87 91 94 97 	3 9 17 20 27 30 34 37 44 48 51 56 59 62 67 72 78 85 89 93 	2 5 8 11 15 19 25 32 38 41 45 49 53 61 64 68 75 80 84 98 	1 6 14 18 21 24 29 36 40 47 54 57 60 65 69 77 83 86 90 96 	
Avg LB p50: 1600
Query Size: 2 Avg LB p99: 5800
Avg LB p999: 8200
LB Throughput: 1755.1272752482735

Generated random load balanced config: 
8 11 23 24 28 33 37 38 48 52 54 57 58 59 63 66 77 82 86 87 	4 21 25 26 29 31 32 40 45 50 51 55 62 73 74 76 78 80 81 85 	19 30 41 42 44 56 64 67 72 75 84 89 90 91 93 94 95 97 98 99 	1 6 9 10 12 13 14 15 16 17 20 27 34 35 36 39 46 68 70 79 	0 2 3 5 7 18 22 43 47 49 53 60 61 65 69 71 83 88 92 96 	
Avg Random p50: 1800
Query Size: 2 Avg Random p99: 7400
Avg Random p999: 10200
Random Throughput: 1760.096242062516
Generated parallel-maximising load balanced config: 
10 13 16 23 28 31 35 39 42 46 52 55 71 74 79 82 88 92 95 99 	0 4 7 12 22 26 33 43 50 58 63 66 70 73 76 81 87 91 94 97 	3 9 17 20 27 30 34 37 44 48 51 56 59 62 67 72 78 85 89 93 	2 5 8 11 15 19 25 32 38 41 45 49 53 61 64 68 75 80 84 98 	1 6 14 18 21 24 29 36 40 47 54 57 60 65 69 77 83 86 90 96 	
Avg LB p50: 1800
Query Size: 2 Avg LB p99: 6000
Avg LB p999: 8200
LB Throughput: 1760.096242062516

Generated random load balanced config: 
2 3 10 14 19 20 21 23 44 45 52 56 62 64 70 73 80 87 90 92 	0 11 17 18 22 24 29 38 42 46 50 63 68 69 82 83 85 86 88 94 	1 6 8 9 15 35 36 51 55 59 61 67 81 89 93 95 96 97 98 99 	4 12 13 27 28 30 32 33 34 40 53 54 57 66 71 76 77 78 79 84 	5 7 16 25 26 31 37 39 41 43 47 48 49 58 60 65 72 74 75 91 	
Avg Random p50: 1800
Query Size: 2 Avg Random p99: 7400
Avg Random p999: 11000
Random Throughput: 1758.5184833481487
Generated parallel-maximising load balanced config: 
10 13 16 23 28 31 35 39 42 46 52 55 71 74 79 82 88 92 95 99 	0 4 7 12 22 26 33 43 50 58 63 66 70 73 76 81 87 91 94 97 	3 9 17 20 27 30 34 37 44 48 51 56 59 62 67 72 78 85 89 93 	2 5 8 11 15 19 25 32 38 41 45 49 53 61 64 68 75 80 84 98 	1 6 14 18 21 24 29 36 40 47 54 57 60 65 69 77 83 86 90 96 	
Avg LB p50: 1800
Query Size: 2 Avg LB p99: 6200
Avg LB p999: 8800
LB Throughput: 1758.5184833481487

Generated random load balanced config: 
2 6 9 19 27 29 30 31 33 37 38 39 41 59 61 62 67 69 72 73 	25 28 40 43 45 50 52 53 57 58 60 63 68 75 84 87 89 91 94 96 	5 11 15 17 34 46 48 49 55 56 64 71 74 78 88 92 93 95 98 99 	0 3 4 8 10 12 14 16 18 20 21 26 35 42 44 51 70 77 79 86 	1 7 13 22 23 24 32 36 47 54 65 66 76 80 81 82 83 85 90 97 	
Avg Random p50: 1800
Query Size: 2 Avg Random p99: 7000
Avg Random p999: 9800
Random Throughput: 1755.240489887621
Generated parallel-maximising load balanced config: 
10 13 16 23 28 31 35 39 42 46 52 55 71 74 79 82 88 92 95 99 	0 4 7 12 22 26 33 43 50 58 63 66 70 73 76 81 87 91 94 97 	3 9 17 20 27 30 34 37 44 48 51 56 59 62 67 72 78 85 89 93 	2 5 8 11 15 19 25 32 38 41 45 49 53 61 64 68 75 80 84 98 	1 6 14 18 21 24 29 36 40 47 54 57 60 65 69 77 83 86 90 96 	
Avg LB p50: 1800
Query Size: 2 Avg LB p99: 6000
Avg LB p999: 8400
LB Throughput: 1755.240489887621

Generated random load balanced config: 
11 14 17 18 20 21 28 35 38 46 54 59 66 74 83 90 94 97 98 99 	3 7 8 10 13 15 23 33 39 43 45 49 56 60 62 65 71 91 92 95 	0 2 4 6 16 32 36 37 47 55 58 67 68 70 72 77 85 87 88 89 	5 9 19 34 41 42 44 48 50 52 53 57 61 73 78 79 82 86 93 96 	1 12 22 24 25 26 27 29 30 31 40 51 63 64 69 75 76 80 81 84 	
Avg Random p50: 1800
Query Size: 2 Avg Random p99: 7000
Avg Random p999: 10200
Random Throughput: 1754.774632100531
Generated parallel-maximising load balanced config: 
10 13 16 23 28 31 35 39 42 46 52 55 71 74 79 82 88 92 95 99 	0 4 7 12 22 26 33 43 50 58 63 66 70 73 76 81 87 91 94 97 	3 9 17 20 27 30 34 37 44 48 51 56 59 62 67 72 78 85 89 93 	2 5 8 11 15 19 25 32 38 41 45 49 53 61 64 68 75 80 84 98 	1 6 14 18 21 24 29 36 40 47 54 57 60 65 69 77 83 86 90 96 	
Avg LB p50: 1600
Query Size: 2 Avg LB p99: 5800
Avg LB p999: 8800
LB Throughput: 1754.774632100531

Generated random load balanced config: 
2 3 10 16 23 24 28 34 35 40 41 48 52 60 61 62 84 93 94 95 	1 7 15 20 22 33 37 39 42 43 49 57 58 67 69 70 74 78 81 86 	25 27 31 51 66 73 77 80 82 85 87 88 89 90 91 92 96 97 98 99 	5 6 11 12 13 14 17 18 19 46 50 55 59 64 68 72 75 76 79 83 	0 4 8 9 21 26 29 30 32 36 38 44 45 47 53 54 56 63 65 71 	
Avg Random p50: 1800
Query Size: 2 Avg Random p99: 7400
Avg Random p999: 10800
Random Throughput: 1760.6625725392978
Generated parallel-maximising load balanced config: 
10 13 16 23 28 31 35 39 42 46 52 55 71 74 79 82 88 92 95 99 	0 4 7 12 22 26 33 43 50 58 63 66 70 73 76 81 87 91 94 97 	3 9 17 20 27 30 34 37 44 48 51 56 59 62 67 72 78 85 89 93 	2 5 8 11 15 19 25 32 38 41 45 49 53 61 64 68 75 80 84 98 	1 6 14 18 21 24 29 36 40 47 54 57 60 65 69 77 83 86 90 96 	
Avg LB p50: 1600
Query Size: 2 Avg LB p99: 6000
Avg LB p999: 8400
LB Throughput: 1760.6625725392978

Generated random load balanced config: 
0 12 13 18 21 28 30 33 35 38 40 51 72 75 78 80 81 84 87 91 	3 4 6 7 8 9 10 20 25 26 27 31 32 34 39 44 45 49 63 65 	1 2 5 16 19 37 41 42 47 57 58 64 69 76 79 82 89 90 98 99 	11 15 23 29 43 46 48 54 55 59 66 67 70 85 92 93 94 95 96 97 	14 17 22 24 36 50 52 53 56 60 61 62 68 71 73 74 77 83 86 88 	
Avg Random p50: 1800
Query Size: 2 Avg Random p99: 7600
Avg Random p999: 11600
Random Throughput: 1761.123808324568
Generated parallel-maximising load balanced config: 
10 13 16 23 28 31 35 39 42 46 52 55 71 74 79 82 88 92 95 99 	0 4 7 12 22 26 33 43 50 58 63 66 70 73 76 81 87 91 94 97 	3 9 17 20 27 30 34 37 44 48 51 56 59 62 67 72 78 85 89 93 	2 5 8 11 15 19 25 32 38 41 45 49 53 61 64 68 75 80 84 98 	1 6 14 18 21 24 29 36 40 47 54 57 60 65 69 77 83 86 90 96 	
Avg LB p50: 1800
Query Size: 2 Avg LB p99: 6000
Avg LB p999: 7600
LB Throughput: 1761.123808324568

Generated random load balanced config: 
0 4 20 36 37 43 46 48 55 61 62 70 71 73 82 86 90 94 96 97 	11 12 17 18 26 33 41 51 52 58 60 64 66 68 69 75 80 87 89 91 	2 3 6 16 22 23 30 32 34 35 38 40 42 44 45 47 49 56 65 67 	9 13 19 24 25 29 31 39 50 59 72 74 76 78 85 92 93 95 98 99 	1 5 7 8 10 14 15 21 27 28 53 54 57 63 77 79 81 83 84 88 	
Avg Random p50: 1800
Query Size: 2 Avg Random p99: 7200
Avg Random p999: 10800
Random Throughput: 1755.108792612396
Generated parallel-maximising load balanced config: 
10 13 16 23 28 31 35 39 42 46 52 55 71 74 79 82 88 92 95 99 	0 4 7 12 22 26 33 43 50 58 63 66 70 73 76 81 87 91 94 97 	3 9 17 20 27 30 34 37 44 48 51 56 59 62 67 72 78 85 89 93 	2 5 8 11 15 19 25 32 38 41 45 49 53 61 64 68 75 80 84 98 	1 6 14 18 21 24 29 36 40 47 54 57 60 65 69 77 83 86 90 96 	
Avg LB p50: 1600
Query Size: 2 Avg LB p99: 6000
Avg LB p999: 8200
LB Throughput: 1755.108792612396

Generated random load balanced config: 
1 3 8 9 11 20 33 42 43 44 47 54 57 59 80 82 85 88 94 96 	0 2 30 34 37 39 41 45 49 52 60 62 79 86 90 92 93 95 97 99 	6 7 13 14 15 18 19 21 23 25 31 32 36 40 46 48 67 70 73 77 	4 5 17 22 24 26 38 50 51 55 58 63 72 74 75 83 84 87 91 98 	10 12 16 27 28 29 35 53 56 61 64 65 66 68 69 71 76 78 81 89 	
Avg Random p50: 1800
Query Size: 2 Avg Random p99: 7000
Avg Random p999: 10800
Random Throughput: 1754.9432363610201
Generated parallel-maximising load balanced config: 
10 13 16 23 28 31 35 39 42 46 52 55 71 74 79 82 88 92 95 99 	0 4 7 12 22 26 33 43 50 58 63 66 70 73 76 81 87 91 94 97 	3 9 17 20 27 30 34 37 44 48 51 56 59 62 67 72 78 85 89 93 	2 5 8 11 15 19 25 32 38 41 45 49 53 61 64 68 75 80 84 98 	1 6 14 18 21 24 29 36 40 47 54 57 60 65 69 77 83 86 90 96 	
Avg LB p50: 1800
Query Size: 2 Avg LB p99: 6200
Avg LB p999: 8400
LB Throughput: 1754.9432363610201

Generated random load balanced config: 
2 3 4 9 18 20 21 30 37 38 44 45 48 61 88 91 93 94 98 99 	0 8 15 26 27 39 42 47 59 74 77 79 80 85 89 90 92 95 96 97 	6 7 10 14 17 22 25 32 34 36 40 52 54 56 57 60 63 64 65 66 	5 16 19 24 41 43 49 51 53 67 69 71 72 75 76 78 82 83 84 86 	1 11 12 13 23 28 29 31 33 35 46 50 55 58 62 68 70 73 81 87 	
Avg Random p50: 1800
Query Size: 2 Avg Random p99: 7200
Avg Random p999: 10400
Random Throughput: 1759.0265547046263
Generated parallel-maximising load balanced config: 
10 13 16 23 28 31 35 39 42 46 52 55 71 74 79 82 88 92 95 99 	0 4 7 12 22 26 33 43 50 58 63 66 70 73 76 81 87 91 94 97 	3 9 17 20 27 30 34 37 44 48 51 56 59 62 67 72 78 85 89 93 	2 5 8 11 15 19 25 32 38 41 45 49 53 61 64 68 75 80 84 98 	1 6 14 18 21 24 29 36 40 47 54 57 60 65 69 77 83 86 90 96 	
Avg LB p50: 1800
Query Size: 2 Avg LB p99: 6000
Avg LB p999: 8000
LB Throughput: 1759.0265547046263

Generated random load balanced config: 
4 15 17 20 22 26 28 31 35 36 37 42 45 49 53 57 58 63 79 80 	7 14 25 27 32 33 39 40 41 44 47 48 51 59 62 64 72 97 98 99 	13 21 23 34 38 55 66 67 68 69 73 75 76 78 81 84 86 88 92 95 	0 1 3 6 8 9 11 12 18 52 60 70 85 87 89 90 91 93 94 96 	2 5 10 16 19 24 29 30 43 46 50 54 56 61 65 71 74 77 82 83 	
Avg Random p50: 1800
Query Size: 2 Avg Random p99: 7200
Avg Random p999: 10600
Random Throughput: 1756.9219430326846
Generated parallel-maximising load balanced config: 
10 13 16 23 28 31 35 39 42 46 52 55 71 74 79 82 88 92 95 99 	0 4 7 12 22 26 33 43 50 58 63 66 70 73 76 81 87 91 94 97 	3 9 17 20 27 30 34 37 44 48 51 56 59 62 67 72 78 85 89 93 	2 5 8 11 15 19 25 32 38 41 45 49 53 61 64 68 75 80 84 98 	1 6 14 18 21 24 29 36 40 47 54 57 60 65 69 77 83 86 90 96 	
Avg LB p50: 1600
Query Size: 2 Avg LB p99: 6000
Avg LB p999: 8800
LB Throughput: 1756.9219430326846

Generated random load balanced config: 
1 12 15 16 18 22 29 35 42 52 56 61 62 78 84 88 90 91 95 96 	4 7 8 13 17 19 20 37 47 48 50 58 63 65 66 68 69 70 79 85 	6 10 11 28 30 31 32 43 45 46 49 51 55 57 64 67 71 72 74 77 	2 3 9 21 23 25 26 27 33 34 36 40 44 53 54 59 80 81 83 89 	0 5 14 24 38 39 41 60 73 75 76 82 86 87 92 93 94 97 98 99 	
Avg Random p50: 2000
Query Size: 2 Avg Random p99: 7400
Avg Random p999: 10400
Random Throughput: 1760.9416106980723
Generated parallel-maximising load balanced config: 
10 13 16 23 28 31 35 39 42 46 52 55 71 74 79 82 88 92 95 99 	0 4 7 12 22 26 33 43 50 58 63 66 70 73 76 81 87 91 94 97 	3 9 17 20 27 30 34 37 44 48 51 56 59 62 67 72 78 85 89 93 	2 5 8 11 15 19 25 32 38 41 45 49 53 61 64 68 75 80 84 98 	1 6 14 18 21 24 29 36 40 47 54 57 60 65 69 77 83 86 90 96 	
Avg LB p50: 1600
Query Size: 2 Avg LB p99: 6000
Avg LB p999: 8800
LB Throughput: 1760.9416106980723

Generated random load balanced config: 
11 12 19 30 40 47 57 61 62 65 72 73 80 82 85 86 94 96 97 99 	9 13 17 33 42 46 50 51 52 54 55 56 60 67 68 78 90 91 95 98 	0 2 5 16 18 21 24 27 36 37 41 48 58 71 75 76 79 83 84 92 	7 8 10 22 23 25 35 39 44 45 53 66 69 74 77 81 87 88 89 93 	1 3 4 6 14 15 20 26 28 29 31 32 34 38 43 49 59 63 64 70 	
Avg Random p50: 1800
Query Size: 2 Avg Random p99: 7000
Avg Random p999: 9400
Random Throughput: 1758.5370378674575
Generated parallel-maximising load balanced config: 
10 13 16 23 28 31 35 39 42 46 52 55 71 74 79 82 88 92 95 99 	0 4 7 12 22 26 33 43 50 58 63 66 70 73 76 81 87 91 94 97 	3 9 17 20 27 30 34 37 44 48 51 56 59 62 67 72 78 85 89 93 	2 5 8 11 15 19 25 32 38 41 45 49 53 61 64 68 75 80 84 98 	1 6 14 18 21 24 29 36 40 47 54 57 60 65 69 77 83 86 90 96 	
Avg LB p50: 1800
Query Size: 2 Avg LB p99: 5800
Avg LB p999: 8000
LB Throughput: 1758.5370378674575

Generated random load balanced config: 
3 18 20 23 25 26 32 38 49 51 53 57 64 67 68 69 71 72 75 78 	0 2 30 31 34 35 37 39 41 44 47 55 76 81 85 89 91 95 97 99 	11 16 19 21 24 42 59 63 66 73 74 79 82 84 90 92 93 94 96 98 	1 8 9 14 15 22 28 33 40 43 48 54 56 60 65 80 83 86 87 88 	4 5 6 7 10 12 13 17 27 29 36 45 46 50 52 58 61 62 70 77 	
Avg Random p50: 1800
Query Size: 2 Avg Random p99: 7000
Avg Random p999: 11000
Random Throughput: 1753.8175126570818
Generated parallel-maximising load balanced config: 
10 13 16 23 28 31 35 39 42 46 52 55 71 74 79 82 88 92 95 99 	0 4 7 12 22 26 33 43 50 58 63 66 70 73 76 81 87 91 94 97 	3 9 17 20 27 30 34 37 44 48 51 56 59 62 67 72 78 85 89 93 	2 5 8 11 15 19 25 32 38 41 45 49 53 61 64 68 75 80 84 98 	1 6 14 18 21 24 29 36 40 47 54 57 60 65 69 77 83 86 90 96 	
Avg LB p50: 1600
Query Size: 2 Avg LB p99: 6000
Avg LB p999: 8000
LB Throughput: 1753.8175126570818

Generated random load balanced config: 
10 16 22 23 36 44 45 49 55 60 63 64 80 82 85 95 96 97 98 99 	0 7 8 24 37 41 48 50 52 57 58 59 61 70 71 73 76 81 86 87 	1 2 6 13 19 25 30 33 39 40 53 54 56 65 66 72 74 77 78 79 	3 5 9 11 12 14 15 20 21 27 29 31 34 35 42 46 47 51 62 69 	4 17 18 26 28 32 38 43 67 68 75 83 84 88 89 90 91 92 93 94 	
Avg Random p50: 2000
Query Size: 2 Avg Random p99: 7600
Avg Random p999: 10800
Random Throughput: 1764.2316153833942
Generated parallel-maximising load balanced config: 
10 13 16 23 28 31 35 39 42 46 52 55 71 74 79 82 88 92 95 99 	0 4 7 12 22 26 33 43 50 58 63 66 70 73 76 81 87 91 94 97 	3 9 17 20 27 30 34 37 44 48 51 56 59 62 67 72 78 85 89 93 	2 5 8 11 15 19 25 32 38 41 45 49 53 61 64 68 75 80 84 98 	1 6 14 18 21 24 29 36 40 47 54 57 60 65 69 77 83 86 90 96 	
Avg LB p50: 1800
Query Size: 2 Avg LB p99: 5800
Avg LB p999: 7800
LB Throughput: 1764.2316153833942

Generated random load balanced config: 
8 11 21 23 25 29 32 33 41 44 46 52 55 56 60 61 65 67 70 71 	1 5 6 10 12 15 18 27 30 35 39 42 58 63 66 68 73 79 80 87 	2 13 16 17 19 20 28 34 38 50 59 74 76 82 83 84 86 91 94 97 	0 3 7 9 14 22 24 26 31 36 40 45 47 48 49 53 54 57 62 69 	4 37 43 51 64 72 75 77 78 81 85 88 89 90 92 93 95 96 98 99 	
Avg Random p50: 1800
Query Size: 2 Avg Random p99: 6800
Avg Random p999: 9800
Random Throughput: 1756.4659904272603
Generated parallel-maximising load balanced config: 
10 13 16 23 28 31 35 39 42 46 52 55 71 74 79 82 88 92 95 99 	0 4 7 12 22 26 33 43 50 58 63 66 70 73 76 81 87 91 94 97 	3 9 17 20 27 30 34 37 44 48 51 56 59 62 67 72 78 85 89 93 	2 5 8 11 15 19 25 32 38 41 45 49 53 61 64 68 75 80 84 98 	1 6 14 18 21 24 29 36 40 47 54 57 60 65 69 77 83 86 90 96 	
Avg LB p50: 1800
Query Size: 2 Avg LB p99: 6000
Avg LB p999: 8400
LB Throughput: 1756.4659904272603

Generated random load balanced config: 
9 23 36 41 44 62 63 67 68 70 76 78 79 82 83 87 90 92 93 94 	0 1 2 7 12 13 17 18 19 22 24 28 29 31 33 50 52 58 59 60 	10 20 35 49 51 66 77 80 81 84 85 86 88 89 91 95 96 97 98 99 	3 4 6 11 15 21 25 27 30 32 37 43 45 46 48 54 55 56 57 61 	5 8 14 16 26 34 38 39 40 42 47 53 64 65 69 71 72 73 74 75 	
Avg Random p50: 2000
Query Size: 2 Avg Random p99: 7600
Avg Random p999: 10400
Random Throughput: 1765.070057836933
Generated parallel-maximising load balanced config: 
10 13 16 23 28 31 35 39 42 46 52 55 71 74 79 82 88 92 95 99 	0 4 7 12 22 26 33 43 50 58 63 66 70 73 76 81 87 91 94 97 	3 9 17 20 27 30 34 37 44 48 51 56 59 62 67 72 78 85 89 93 	2 5 8 11 15 19 25 32 38 41 45 49 53 61 64 68 75 80 84 98 	1 6 14 18 21 24 29 36 40 47 54 57 60 65 69 77 83 86 90 96 	
Avg LB p50: 1800
Query Size: 2 Avg LB p99: 6000
Avg LB p999: 9200
LB Throughput: 1765.070057836933

Generated random load balanced config: 
3 8 11 14 15 18 32 35 36 38 39 41 46 49 53 55 63 68 69 79 	0 4 7 9 13 22 24 37 44 56 62 67 74 75 76 80 82 83 84 85 	2 12 19 23 42 52 54 58 61 66 70 72 78 81 86 87 91 97 98 99 	1 5 6 10 16 21 25 26 27 28 29 30 31 33 34 50 51 60 64 65 	17 20 40 43 45 47 48 57 59 71 73 77 88 89 90 92 93 94 95 96 	
Avg Random p50: 1800
Query Size: 2 Avg Random p99: 7800
Avg Random p999: 12800
Random Throughput: 1761.6574377837646
Generated parallel-maximising load balanced config: 
10 13 16 23 28 31 35 39 42 46 52 55 71 74 79 82 88 92 95 99 	0 4 7 12 22 26 33 43 50 58 63 66 70 73 76 81 87 91 94 97 	3 9 17 20 27 30 34 37 44 48 51 56 59 62 67 72 78 85 89 93 	2 5 8 11 15 19 25 32 38 41 45 49 53 61 64 68 75 80 84 98 	1 6 14 18 21 24 29 36 40 47 54 57 60 65 69 77 83 86 90 96 	
Avg LB p50: 1800
Query Size: 2 Avg LB p99: 6200
Avg LB p999: 9000
LB Throughput: 1761.6574377837646

Generated random load balanced config: 
4 6 10 14 17 24 25 30 31 33 34 37 47 48 49 50 52 58 74 81 	0 7 9 18 20 46 53 61 80 84 85 87 88 91 92 95 96 97 98 99 	1 5 13 19 23 38 39 42 45 54 62 63 65 66 69 72 76 77 82 83 	2 3 11 15 16 27 28 32 36 44 51 56 64 67 70 73 78 79 86 89 	8 12 21 22 26 29 35 40 41 43 55 57 59 60 68 71 75 90 93 94 	
Avg Random p50: 1800
Query Size: 2 Avg Random p99: 7000
Avg Random p999: 9800
Random Throughput: 1758.283493322479
Generated parallel-maximising load balanced config: 
10 13 16 23 28 31 35 39 42 46 52 55 71 74 79 82 88 92 95 99 	0 4 7 12 22 26 33 43 50 58 63 66 70 73 76 81 87 91 94 97 	3 9 17 20 27 30 34 37 44 48 51 56 59 62 67 72 78 85 89 93 	2 5 8 11 15 19 25 32 38 41 45 49 53 61 64 68 75 80 84 98 	1 6 14 18 21 24 29 36 40 47 54 57 60 65 69 77 83 86 90 96 	
Avg LB p50: 1600
Query Size: 2 Avg LB p99: 5800
Avg LB p999: 8000
LB Throughput: 1758.283493322479
