5 machines; 20 shards/machine; 3 shards/query:

Generated sequential config: 
	0 1 2 3 4 5 6 7 8 9 10 11 12 13 14 15 16 17 18 19 	20 21 22 23 24 25 26 27 28 29 30 31 32 33 34 35 36 37 38 39 	40 41 42 43 44 45 46 47 48 49 50 51 52 53 54 55 56 57 58 59 	60 61 62 63 64 65 66 67 68 69 70 71 72 73 74 75 76 77 78 79 	80 81 82 83 84 85 86 87 88 89 90 91 92 93 94 95 96 97 98 99 
Avg Sequential p50: 9400
Avg Sequential p99: 56600
Avg Sequential p999: 84000
Sequential Throughput: 1314.2689855190556

Generated sequential config: 
	0 1 2 3 4 5 6 7 8 9 10 11 12 13 14 15 16 17 18 19 	20 21 22 23 24 25 26 27 28 29 30 31 32 33 34 35 36 37 38 39 	40 41 42 43 44 45 46 47 48 49 50 51 52 53 54 55 56 57 58 59 	60 61 62 63 64 65 66 67 68 69 70 71 72 73 74 75 76 77 78 79 	80 81 82 83 84 85 86 87 88 89 90 91 92 93 94 95 96 97 98 99 
Avg Sequential p50: 8600
Avg Sequential p99: 45800
Avg Sequential p999: 60400
Sequential Throughput: 1312.9665955038774

Generated sequential config: 
	0 1 2 3 4 5 6 7 8 9 10 11 12 13 14 15 16 17 18 19 	20 21 22 23 24 25 26 27 28 29 30 31 32 33 34 35 36 37 38 39 	40 41 42 43 44 45 46 47 48 49 50 51 52 53 54 55 56 57 58 59 	60 61 62 63 64 65 66 67 68 69 70 71 72 73 74 75 76 77 78 79 	80 81 82 83 84 85 86 87 88 89 90 91 92 93 94 95 96 97 98 99 
Avg Sequential p50: 8800
Avg Sequential p99: 53200
Avg Sequential p999: 76600
Sequential Throughput: 1313.2778298346516

Generated sequential config: 
	0 1 2 3 4 5 6 7 8 9 10 11 12 13 14 15 16 17 18 19 	20 21 22 23 24 25 26 27 28 29 30 31 32 33 34 35 36 37 38 39 	40 41 42 43 44 45 46 47 48 49 50 51 52 53 54 55 56 57 58 59 	60 61 62 63 64 65 66 67 68 69 70 71 72 73 74 75 76 77 78 79 	80 81 82 83 84 85 86 87 88 89 90 91 92 93 94 95 96 97 98 99 
Avg Sequential p50: 9000
Avg Sequential p99: 60000
Avg Sequential p999: 87200
Sequential Throughput: 1313.226090913329

Generated sequential config: 
	0 1 2 3 4 5 6 7 8 9 10 11 12 13 14 15 16 17 18 19 	20 21 22 23 24 25 26 27 28 29 30 31 32 33 34 35 36 37 38 39 	40 41 42 43 44 45 46 47 48 49 50 51 52 53 54 55 56 57 58 59 	60 61 62 63 64 65 66 67 68 69 70 71 72 73 74 75 76 77 78 79 	80 81 82 83 84 85 86 87 88 89 90 91 92 93 94 95 96 97 98 99 
Avg Sequential p50: 9000
Avg Sequential p99: 51400
Avg Sequential p999: 76600
Sequential Throughput: 1313.1553876467533

Generated sequential config: 
	0 1 2 3 4 5 6 7 8 9 10 11 12 13 14 15 16 17 18 19 	20 21 22 23 24 25 26 27 28 29 30 31 32 33 34 35 36 37 38 39 	40 41 42 43 44 45 46 47 48 49 50 51 52 53 54 55 56 57 58 59 	60 61 62 63 64 65 66 67 68 69 70 71 72 73 74 75 76 77 78 79 	80 81 82 83 84 85 86 87 88 89 90 91 92 93 94 95 96 97 98 99 
Avg Sequential p50: 9000
Avg Sequential p99: 52600
Avg Sequential p999: 67000
Sequential Throughput: 1313.5870548622916

Generated sequential config: 
	0 1 2 3 4 5 6 7 8 9 10 11 12 13 14 15 16 17 18 19 	20 21 22 23 24 25 26 27 28 29 30 31 32 33 34 35 36 37 38 39 	40 41 42 43 44 45 46 47 48 49 50 51 52 53 54 55 56 57 58 59 	60 61 62 63 64 65 66 67 68 69 70 71 72 73 74 75 76 77 78 79 	80 81 82 83 84 85 86 87 88 89 90 91 92 93 94 95 96 97 98 99 
Avg Sequential p50: 9000
Avg Sequential p99: 57200
Avg Sequential p999: 77200
Sequential Throughput: 1313.0924509001904

Generated sequential config: 
	0 1 2 3 4 5 6 7 8 9 10 11 12 13 14 15 16 17 18 19 	20 21 22 23 24 25 26 27 28 29 30 31 32 33 34 35 36 37 38 39 	40 41 42 43 44 45 46 47 48 49 50 51 52 53 54 55 56 57 58 59 	60 61 62 63 64 65 66 67 68 69 70 71 72 73 74 75 76 77 78 79 	80 81 82 83 84 85 86 87 88 89 90 91 92 93 94 95 96 97 98 99 
Avg Sequential p50: 9600
Avg Sequential p99: 54600
Avg Sequential p999: 81600
Sequential Throughput: 1314.2214864042144

Generated sequential config: 
	0 1 2 3 4 5 6 7 8 9 10 11 12 13 14 15 16 17 18 19 	20 21 22 23 24 25 26 27 28 29 30 31 32 33 34 35 36 37 38 39 	40 41 42 43 44 45 46 47 48 49 50 51 52 53 54 55 56 57 58 59 	60 61 62 63 64 65 66 67 68 69 70 71 72 73 74 75 76 77 78 79 	80 81 82 83 84 85 86 87 88 89 90 91 92 93 94 95 96 97 98 99 
Avg Sequential p50: 9000
Avg Sequential p99: 53400
Avg Sequential p999: 74400
Sequential Throughput: 1313.6875735665042

Generated sequential config: 
	0 1 2 3 4 5 6 7 8 9 10 11 12 13 14 15 16 17 18 19 	20 21 22 23 24 25 26 27 28 29 30 31 32 33 34 35 36 37 38 39 	40 41 42 43 44 45 46 47 48 49 50 51 52 53 54 55 56 57 58 59 	60 61 62 63 64 65 66 67 68 69 70 71 72 73 74 75 76 77 78 79 	80 81 82 83 84 85 86 87 88 89 90 91 92 93 94 95 96 97 98 99 
Avg Sequential p50: 9000
Avg Sequential p99: 48800
Avg Sequential p999: 62200
Sequential Throughput: 1313.3869260868523

Generated sequential config: 
	0 1 2 3 4 5 6 7 8 9 10 11 12 13 14 15 16 17 18 19 	20 21 22 23 24 25 26 27 28 29 30 31 32 33 34 35 36 37 38 39 	40 41 42 43 44 45 46 47 48 49 50 51 52 53 54 55 56 57 58 59 	60 61 62 63 64 65 66 67 68 69 70 71 72 73 74 75 76 77 78 79 	80 81 82 83 84 85 86 87 88 89 90 91 92 93 94 95 96 97 98 99 
Avg Sequential p50: 9000
Avg Sequential p99: 51200
Avg Sequential p999: 63800
Sequential Throughput: 1313.6034474208873

Generated sequential config: 
	0 1 2 3 4 5 6 7 8 9 10 11 12 13 14 15 16 17 18 19 	20 21 22 23 24 25 26 27 28 29 30 31 32 33 34 35 36 37 38 39 	40 41 42 43 44 45 46 47 48 49 50 51 52 53 54 55 56 57 58 59 	60 61 62 63 64 65 66 67 68 69 70 71 72 73 74 75 76 77 78 79 	80 81 82 83 84 85 86 87 88 89 90 91 92 93 94 95 96 97 98 99 
Avg Sequential p50: 9400
Avg Sequential p99: 57000
Avg Sequential p999: 82200
Sequential Throughput: 1314.2309859525135

Generated sequential config: 
	0 1 2 3 4 5 6 7 8 9 10 11 12 13 14 15 16 17 18 19 	20 21 22 23 24 25 26 27 28 29 30 31 32 33 34 35 36 37 38 39 	40 41 42 43 44 45 46 47 48 49 50 51 52 53 54 55 56 57 58 59 	60 61 62 63 64 65 66 67 68 69 70 71 72 73 74 75 76 77 78 79 	80 81 82 83 84 85 86 87 88 89 90 91 92 93 94 95 96 97 98 99 
Avg Sequential p50: 9000
Avg Sequential p99: 49400
Avg Sequential p999: 75000
Sequential Throughput: 1313.2316957662397

Generated sequential config: 
	0 1 2 3 4 5 6 7 8 9 10 11 12 13 14 15 16 17 18 19 	20 21 22 23 24 25 26 27 28 29 30 31 32 33 34 35 36 37 38 39 	40 41 42 43 44 45 46 47 48 49 50 51 52 53 54 55 56 57 58 59 	60 61 62 63 64 65 66 67 68 69 70 71 72 73 74 75 76 77 78 79 	80 81 82 83 84 85 86 87 88 89 90 91 92 93 94 95 96 97 98 99 
Avg Sequential p50: 9000
Avg Sequential p99: 59400
Avg Sequential p999: 87800
Sequential Throughput: 1313.6836905841392

Generated sequential config: 
	0 1 2 3 4 5 6 7 8 9 10 11 12 13 14 15 16 17 18 19 	20 21 22 23 24 25 26 27 28 29 30 31 32 33 34 35 36 37 38 39 	40 41 42 43 44 45 46 47 48 49 50 51 52 53 54 55 56 57 58 59 	60 61 62 63 64 65 66 67 68 69 70 71 72 73 74 75 76 77 78 79 	80 81 82 83 84 85 86 87 88 89 90 91 92 93 94 95 96 97 98 99 
Avg Sequential p50: 9000
Avg Sequential p99: 50800
Avg Sequential p999: 69200
Sequential Throughput: 1313.2273843366775

Generated sequential config: 
	0 1 2 3 4 5 6 7 8 9 10 11 12 13 14 15 16 17 18 19 	20 21 22 23 24 25 26 27 28 29 30 31 32 33 34 35 36 37 38 39 	40 41 42 43 44 45 46 47 48 49 50 51 52 53 54 55 56 57 58 59 	60 61 62 63 64 65 66 67 68 69 70 71 72 73 74 75 76 77 78 79 	80 81 82 83 84 85 86 87 88 89 90 91 92 93 94 95 96 97 98 99 
Avg Sequential p50: 8800
Avg Sequential p99: 48800
Avg Sequential p999: 64400
Sequential Throughput: 1313.2661882219065

Generated sequential config: 
	0 1 2 3 4 5 6 7 8 9 10 11 12 13 14 15 16 17 18 19 	20 21 22 23 24 25 26 27 28 29 30 31 32 33 34 35 36 37 38 39 	40 41 42 43 44 45 46 47 48 49 50 51 52 53 54 55 56 57 58 59 	60 61 62 63 64 65 66 67 68 69 70 71 72 73 74 75 76 77 78 79 	80 81 82 83 84 85 86 87 88 89 90 91 92 93 94 95 96 97 98 99 
Avg Sequential p50: 8800
Avg Sequential p99: 55600
Avg Sequential p999: 97600
Sequential Throughput: 1313.0450367882393

Generated sequential config: 
	0 1 2 3 4 5 6 7 8 9 10 11 12 13 14 15 16 17 18 19 	20 21 22 23 24 25 26 27 28 29 30 31 32 33 34 35 36 37 38 39 	40 41 42 43 44 45 46 47 48 49 50 51 52 53 54 55 56 57 58 59 	60 61 62 63 64 65 66 67 68 69 70 71 72 73 74 75 76 77 78 79 	80 81 82 83 84 85 86 87 88 89 90 91 92 93 94 95 96 97 98 99 
Avg Sequential p50: 8800
Avg Sequential p99: 55000
Avg Sequential p999: 110000
Sequential Throughput: 1313.21100116252

Generated sequential config: 
	0 1 2 3 4 5 6 7 8 9 10 11 12 13 14 15 16 17 18 19 	20 21 22 23 24 25 26 27 28 29 30 31 32 33 34 35 36 37 38 39 	40 41 42 43 44 45 46 47 48 49 50 51 52 53 54 55 56 57 58 59 	60 61 62 63 64 65 66 67 68 69 70 71 72 73 74 75 76 77 78 79 	80 81 82 83 84 85 86 87 88 89 90 91 92 93 94 95 96 97 98 99 
Avg Sequential p50: 8600
Avg Sequential p99: 49200
Avg Sequential p999: 67200
Sequential Throughput: 1313.0200379987998

Generated sequential config: 
	0 1 2 3 4 5 6 7 8 9 10 11 12 13 14 15 16 17 18 19 	20 21 22 23 24 25 26 27 28 29 30 31 32 33 34 35 36 37 38 39 	40 41 42 43 44 45 46 47 48 49 50 51 52 53 54 55 56 57 58 59 	60 61 62 63 64 65 66 67 68 69 70 71 72 73 74 75 76 77 78 79 	80 81 82 83 84 85 86 87 88 89 90 91 92 93 94 95 96 97 98 99 
Avg Sequential p50: 9200
Avg Sequential p99: 50800
Avg Sequential p999: 80600
Sequential Throughput: 1313.874415284827

Generated sequential config: 
	0 1 2 3 4 5 6 7 8 9 10 11 12 13 14 15 16 17 18 19 	20 21 22 23 24 25 26 27 28 29 30 31 32 33 34 35 36 37 38 39 	40 41 42 43 44 45 46 47 48 49 50 51 52 53 54 55 56 57 58 59 	60 61 62 63 64 65 66 67 68 69 70 71 72 73 74 75 76 77 78 79 	80 81 82 83 84 85 86 87 88 89 90 91 92 93 94 95 96 97 98 99 
Avg Sequential p50: 9000
Avg Sequential p99: 58400
Avg Sequential p999: 84600
Sequential Throughput: 1313.609055495385

Generated sequential config: 
	0 1 2 3 4 5 6 7 8 9 10 11 12 13 14 15 16 17 18 19 	20 21 22 23 24 25 26 27 28 29 30 31 32 33 34 35 36 37 38 39 	40 41 42 43 44 45 46 47 48 49 50 51 52 53 54 55 56 57 58 59 	60 61 62 63 64 65 66 67 68 69 70 71 72 73 74 75 76 77 78 79 	80 81 82 83 84 85 86 87 88 89 90 91 92 93 94 95 96 97 98 99 
Avg Sequential p50: 9200
Avg Sequential p99: 53600
Avg Sequential p999: 70800
Sequential Throughput: 1314.1929885832772

Generated sequential config: 
	0 1 2 3 4 5 6 7 8 9 10 11 12 13 14 15 16 17 18 19 	20 21 22 23 24 25 26 27 28 29 30 31 32 33 34 35 36 37 38 39 	40 41 42 43 44 45 46 47 48 49 50 51 52 53 54 55 56 57 58 59 	60 61 62 63 64 65 66 67 68 69 70 71 72 73 74 75 76 77 78 79 	80 81 82 83 84 85 86 87 88 89 90 91 92 93 94 95 96 97 98 99 
Avg Sequential p50: 8600
Avg Sequential p99: 70200
Avg Sequential p999: 105200
Sequential Throughput: 1312.872650696446

Generated sequential config: 
	0 1 2 3 4 5 6 7 8 9 10 11 12 13 14 15 16 17 18 19 	20 21 22 23 24 25 26 27 28 29 30 31 32 33 34 35 36 37 38 39 	40 41 42 43 44 45 46 47 48 49 50 51 52 53 54 55 56 57 58 59 	60 61 62 63 64 65 66 67 68 69 70 71 72 73 74 75 76 77 78 79 	80 81 82 83 84 85 86 87 88 89 90 91 92 93 94 95 96 97 98 99 
Avg Sequential p50: 9200
Avg Sequential p99: 54200
Avg Sequential p999: 75400
Sequential Throughput: 1313.8416170499854

Generated sequential config: 
	0 1 2 3 4 5 6 7 8 9 10 11 12 13 14 15 16 17 18 19 	20 21 22 23 24 25 26 27 28 29 30 31 32 33 34 35 36 37 38 39 	40 41 42 43 44 45 46 47 48 49 50 51 52 53 54 55 56 57 58 59 	60 61 62 63 64 65 66 67 68 69 70 71 72 73 74 75 76 77 78 79 	80 81 82 83 84 85 86 87 88 89 90 91 92 93 94 95 96 97 98 99 
Avg Sequential p50: 8800
Avg Sequential p99: 55000
Avg Sequential p999: 73400
Sequential Throughput: 1313.4956091483655

Generated sequential config: 
	0 1 2 3 4 5 6 7 8 9 10 11 12 13 14 15 16 17 18 19 	20 21 22 23 24 25 26 27 28 29 30 31 32 33 34 35 36 37 38 39 	40 41 42 43 44 45 46 47 48 49 50 51 52 53 54 55 56 57 58 59 	60 61 62 63 64 65 66 67 68 69 70 71 72 73 74 75 76 77 78 79 	80 81 82 83 84 85 86 87 88 89 90 91 92 93 94 95 96 97 98 99 
Avg Sequential p50: 8800
Avg Sequential p99: 50800
Avg Sequential p999: 66400
Sequential Throughput: 1313.1398684365165

Generated sequential config: 
	0 1 2 3 4 5 6 7 8 9 10 11 12 13 14 15 16 17 18 19 	20 21 22 23 24 25 26 27 28 29 30 31 32 33 34 35 36 37 38 39 	40 41 42 43 44 45 46 47 48 49 50 51 52 53 54 55 56 57 58 59 	60 61 62 63 64 65 66 67 68 69 70 71 72 73 74 75 76 77 78 79 	80 81 82 83 84 85 86 87 88 89 90 91 92 93 94 95 96 97 98 99 
Avg Sequential p50: 8800
Avg Sequential p99: 50400
Avg Sequential p999: 66400
Sequential Throughput: 1313.1506456269292

Generated sequential config: 
	0 1 2 3 4 5 6 7 8 9 10 11 12 13 14 15 16 17 18 19 	20 21 22 23 24 25 26 27 28 29 30 31 32 33 34 35 36 37 38 39 	40 41 42 43 44 45 46 47 48 49 50 51 52 53 54 55 56 57 58 59 	60 61 62 63 64 65 66 67 68 69 70 71 72 73 74 75 76 77 78 79 	80 81 82 83 84 85 86 87 88 89 90 91 92 93 94 95 96 97 98 99 
Avg Sequential p50: 9000
Avg Sequential p99: 54600
Avg Sequential p999: 83000
Sequential Throughput: 1313.4576542894079

Generated sequential config: 
	0 1 2 3 4 5 6 7 8 9 10 11 12 13 14 15 16 17 18 19 	20 21 22 23 24 25 26 27 28 29 30 31 32 33 34 35 36 37 38 39 	40 41 42 43 44 45 46 47 48 49 50 51 52 53 54 55 56 57 58 59 	60 61 62 63 64 65 66 67 68 69 70 71 72 73 74 75 76 77 78 79 	80 81 82 83 84 85 86 87 88 89 90 91 92 93 94 95 96 97 98 99 
Avg Sequential p50: 9000
Avg Sequential p99: 51600
Avg Sequential p999: 69400
Sequential Throughput: 1313.5991335500114

Generated sequential config: 
	0 1 2 3 4 5 6 7 8 9 10 11 12 13 14 15 16 17 18 19 	20 21 22 23 24 25 26 27 28 29 30 31 32 33 34 35 36 37 38 39 	40 41 42 43 44 45 46 47 48 49 50 51 52 53 54 55 56 57 58 59 	60 61 62 63 64 65 66 67 68 69 70 71 72 73 74 75 76 77 78 79 	80 81 82 83 84 85 86 87 88 89 90 91 92 93 94 95 96 97 98 99 
Avg Sequential p50: 9000
Avg Sequential p99: 49600
Avg Sequential p999: 75600
Sequential Throughput: 1313.106244739368

Generated sequential config: 
	0 1 2 3 4 5 6 7 8 9 10 11 12 13 14 15 16 17 18 19 	20 21 22 23 24 25 26 27 28 29 30 31 32 33 34 35 36 37 38 39 	40 41 42 43 44 45 46 47 48 49 50 51 52 53 54 55 56 57 58 59 	60 61 62 63 64 65 66 67 68 69 70 71 72 73 74 75 76 77 78 79 	80 81 82 83 84 85 86 87 88 89 90 91 92 93 94 95 96 97 98 99 
Avg Sequential p50: 9000
Avg Sequential p99: 55000
Avg Sequential p999: 86800
Sequential Throughput: 1313.4209954286382

Generated sequential config: 
	0 1 2 3 4 5 6 7 8 9 10 11 12 13 14 15 16 17 18 19 	20 21 22 23 24 25 26 27 28 29 30 31 32 33 34 35 36 37 38 39 	40 41 42 43 44 45 46 47 48 49 50 51 52 53 54 55 56 57 58 59 	60 61 62 63 64 65 66 67 68 69 70 71 72 73 74 75 76 77 78 79 	80 81 82 83 84 85 86 87 88 89 90 91 92 93 94 95 96 97 98 99 
Avg Sequential p50: 8800
Avg Sequential p99: 48800
Avg Sequential p999: 69200
Sequential Throughput: 1313.1825471473571

Generated sequential config: 
	0 1 2 3 4 5 6 7 8 9 10 11 12 13 14 15 16 17 18 19 	20 21 22 23 24 25 26 27 28 29 30 31 32 33 34 35 36 37 38 39 	40 41 42 43 44 45 46 47 48 49 50 51 52 53 54 55 56 57 58 59 	60 61 62 63 64 65 66 67 68 69 70 71 72 73 74 75 76 77 78 79 	80 81 82 83 84 85 86 87 88 89 90 91 92 93 94 95 96 97 98 99 
Avg Sequential p50: 9000
Avg Sequential p99: 57000
Avg Sequential p999: 75600
Sequential Throughput: 1313.3291416244895

Generated sequential config: 
	0 1 2 3 4 5 6 7 8 9 10 11 12 13 14 15 16 17 18 19 	20 21 22 23 24 25 26 27 28 29 30 31 32 33 34 35 36 37 38 39 	40 41 42 43 44 45 46 47 48 49 50 51 52 53 54 55 56 57 58 59 	60 61 62 63 64 65 66 67 68 69 70 71 72 73 74 75 76 77 78 79 	80 81 82 83 84 85 86 87 88 89 90 91 92 93 94 95 96 97 98 99 
Avg Sequential p50: 9000
Avg Sequential p99: 51200
Avg Sequential p999: 75800
Sequential Throughput: 1313.095899332816

Generated sequential config: 
	0 1 2 3 4 5 6 7 8 9 10 11 12 13 14 15 16 17 18 19 	20 21 22 23 24 25 26 27 28 29 30 31 32 33 34 35 36 37 38 39 	40 41 42 43 44 45 46 47 48 49 50 51 52 53 54 55 56 57 58 59 	60 61 62 63 64 65 66 67 68 69 70 71 72 73 74 75 76 77 78 79 	80 81 82 83 84 85 86 87 88 89 90 91 92 93 94 95 96 97 98 99 
Avg Sequential p50: 9200
Avg Sequential p99: 59000
Avg Sequential p999: 91600
Sequential Throughput: 1313.8903834392

Generated sequential config: 
	0 1 2 3 4 5 6 7 8 9 10 11 12 13 14 15 16 17 18 19 	20 21 22 23 24 25 26 27 28 29 30 31 32 33 34 35 36 37 38 39 	40 41 42 43 44 45 46 47 48 49 50 51 52 53 54 55 56 57 58 59 	60 61 62 63 64 65 66 67 68 69 70 71 72 73 74 75 76 77 78 79 	80 81 82 83 84 85 86 87 88 89 90 91 92 93 94 95 96 97 98 99 
Avg Sequential p50: 9200
Avg Sequential p99: 54600
Avg Sequential p999: 81400
Sequential Throughput: 1313.81615639142

Generated sequential config: 
	0 1 2 3 4 5 6 7 8 9 10 11 12 13 14 15 16 17 18 19 	20 21 22 23 24 25 26 27 28 29 30 31 32 33 34 35 36 37 38 39 	40 41 42 43 44 45 46 47 48 49 50 51 52 53 54 55 56 57 58 59 	60 61 62 63 64 65 66 67 68 69 70 71 72 73 74 75 76 77 78 79 	80 81 82 83 84 85 86 87 88 89 90 91 92 93 94 95 96 97 98 99 
Avg Sequential p50: 9200
Avg Sequential p99: 57000
Avg Sequential p999: 87200
Sequential Throughput: 1313.7661010246718

Generated sequential config: 
	0 1 2 3 4 5 6 7 8 9 10 11 12 13 14 15 16 17 18 19 	20 21 22 23 24 25 26 27 28 29 30 31 32 33 34 35 36 37 38 39 	40 41 42 43 44 45 46 47 48 49 50 51 52 53 54 55 56 57 58 59 	60 61 62 63 64 65 66 67 68 69 70 71 72 73 74 75 76 77 78 79 	80 81 82 83 84 85 86 87 88 89 90 91 92 93 94 95 96 97 98 99 
Avg Sequential p50: 8800
Avg Sequential p99: 47000
Avg Sequential p999: 76800
Sequential Throughput: 1313.4464407735807

Generated sequential config: 
	0 1 2 3 4 5 6 7 8 9 10 11 12 13 14 15 16 17 18 19 	20 21 22 23 24 25 26 27 28 29 30 31 32 33 34 35 36 37 38 39 	40 41 42 43 44 45 46 47 48 49 50 51 52 53 54 55 56 57 58 59 	60 61 62 63 64 65 66 67 68 69 70 71 72 73 74 75 76 77 78 79 	80 81 82 83 84 85 86 87 88 89 90 91 92 93 94 95 96 97 98 99 
Avg Sequential p50: 9600
Avg Sequential p99: 56800
Avg Sequential p999: 69200
Sequential Throughput: 1314.6447813367768

Generated sequential config: 
	0 1 2 3 4 5 6 7 8 9 10 11 12 13 14 15 16 17 18 19 	20 21 22 23 24 25 26 27 28 29 30 31 32 33 34 35 36 37 38 39 	40 41 42 43 44 45 46 47 48 49 50 51 52 53 54 55 56 57 58 59 	60 61 62 63 64 65 66 67 68 69 70 71 72 73 74 75 76 77 78 79 	80 81 82 83 84 85 86 87 88 89 90 91 92 93 94 95 96 97 98 99 
Avg Sequential p50: 8800
Avg Sequential p99: 50000
Avg Sequential p999: 76000
Sequential Throughput: 1312.8377480237689

Generated sequential config: 
	0 1 2 3 4 5 6 7 8 9 10 11 12 13 14 15 16 17 18 19 	20 21 22 23 24 25 26 27 28 29 30 31 32 33 34 35 36 37 38 39 	40 41 42 43 44 45 46 47 48 49 50 51 52 53 54 55 56 57 58 59 	60 61 62 63 64 65 66 67 68 69 70 71 72 73 74 75 76 77 78 79 	80 81 82 83 84 85 86 87 88 89 90 91 92 93 94 95 96 97 98 99 
Avg Sequential p50: 9200
Avg Sequential p99: 50400
Avg Sequential p999: 67600
Sequential Throughput: 1313.5529769051116

Generated sequential config: 
	0 1 2 3 4 5 6 7 8 9 10 11 12 13 14 15 16 17 18 19 	20 21 22 23 24 25 26 27 28 29 30 31 32 33 34 35 36 37 38 39 	40 41 42 43 44 45 46 47 48 49 50 51 52 53 54 55 56 57 58 59 	60 61 62 63 64 65 66 67 68 69 70 71 72 73 74 75 76 77 78 79 	80 81 82 83 84 85 86 87 88 89 90 91 92 93 94 95 96 97 98 99 
Avg Sequential p50: 8600
Avg Sequential p99: 49200
Avg Sequential p999: 70000
Sequential Throughput: 1312.7175419101484

Generated sequential config: 
	0 1 2 3 4 5 6 7 8 9 10 11 12 13 14 15 16 17 18 19 	20 21 22 23 24 25 26 27 28 29 30 31 32 33 34 35 36 37 38 39 	40 41 42 43 44 45 46 47 48 49 50 51 52 53 54 55 56 57 58 59 	60 61 62 63 64 65 66 67 68 69 70 71 72 73 74 75 76 77 78 79 	80 81 82 83 84 85 86 87 88 89 90 91 92 93 94 95 96 97 98 99 
Avg Sequential p50: 8800
Avg Sequential p99: 47800
Avg Sequential p999: 73400
Sequential Throughput: 1312.8842853330802

Generated sequential config: 
	0 1 2 3 4 5 6 7 8 9 10 11 12 13 14 15 16 17 18 19 	20 21 22 23 24 25 26 27 28 29 30 31 32 33 34 35 36 37 38 39 	40 41 42 43 44 45 46 47 48 49 50 51 52 53 54 55 56 57 58 59 	60 61 62 63 64 65 66 67 68 69 70 71 72 73 74 75 76 77 78 79 	80 81 82 83 84 85 86 87 88 89 90 91 92 93 94 95 96 97 98 99 
Avg Sequential p50: 9400
Avg Sequential p99: 61800
Avg Sequential p999: 85000
Sequential Throughput: 1314.1791719028492

Generated sequential config: 
	0 1 2 3 4 5 6 7 8 9 10 11 12 13 14 15 16 17 18 19 	20 21 22 23 24 25 26 27 28 29 30 31 32 33 34 35 36 37 38 39 	40 41 42 43 44 45 46 47 48 49 50 51 52 53 54 55 56 57 58 59 	60 61 62 63 64 65 66 67 68 69 70 71 72 73 74 75 76 77 78 79 	80 81 82 83 84 85 86 87 88 89 90 91 92 93 94 95 96 97 98 99 
Avg Sequential p50: 8600
Avg Sequential p99: 54600
Avg Sequential p999: 83200
Sequential Throughput: 1312.6361244680952

Generated sequential config: 
	0 1 2 3 4 5 6 7 8 9 10 11 12 13 14 15 16 17 18 19 	20 21 22 23 24 25 26 27 28 29 30 31 32 33 34 35 36 37 38 39 	40 41 42 43 44 45 46 47 48 49 50 51 52 53 54 55 56 57 58 59 	60 61 62 63 64 65 66 67 68 69 70 71 72 73 74 75 76 77 78 79 	80 81 82 83 84 85 86 87 88 89 90 91 92 93 94 95 96 97 98 99 
Avg Sequential p50: 9000
Avg Sequential p99: 57800
Avg Sequential p999: 86600
Sequential Throughput: 1312.9209142393493

Generated sequential config: 
	0 1 2 3 4 5 6 7 8 9 10 11 12 13 14 15 16 17 18 19 	20 21 22 23 24 25 26 27 28 29 30 31 32 33 34 35 36 37 38 39 	40 41 42 43 44 45 46 47 48 49 50 51 52 53 54 55 56 57 58 59 	60 61 62 63 64 65 66 67 68 69 70 71 72 73 74 75 76 77 78 79 	80 81 82 83 84 85 86 87 88 89 90 91 92 93 94 95 96 97 98 99 
Avg Sequential p50: 8800
Avg Sequential p99: 52400
Avg Sequential p999: 76800
Sequential Throughput: 1312.728742983465

Generated sequential config: 
	0 1 2 3 4 5 6 7 8 9 10 11 12 13 14 15 16 17 18 19 	20 21 22 23 24 25 26 27 28 29 30 31 32 33 34 35 36 37 38 39 	40 41 42 43 44 45 46 47 48 49 50 51 52 53 54 55 56 57 58 59 	60 61 62 63 64 65 66 67 68 69 70 71 72 73 74 75 76 77 78 79 	80 81 82 83 84 85 86 87 88 89 90 91 92 93 94 95 96 97 98 99 
Avg Sequential p50: 9000
Avg Sequential p99: 51200
Avg Sequential p999: 78000
Sequential Throughput: 1313.2041031062201

Generated sequential config: 
	0 1 2 3 4 5 6 7 8 9 10 11 12 13 14 15 16 17 18 19 	20 21 22 23 24 25 26 27 28 29 30 31 32 33 34 35 36 37 38 39 	40 41 42 43 44 45 46 47 48 49 50 51 52 53 54 55 56 57 58 59 	60 61 62 63 64 65 66 67 68 69 70 71 72 73 74 75 76 77 78 79 	80 81 82 83 84 85 86 87 88 89 90 91 92 93 94 95 96 97 98 99 
Avg Sequential p50: 9000
Avg Sequential p99: 59800
Avg Sequential p999: 98600
Sequential Throughput: 1313.5870548622916

Generated sequential config: 
	0 1 2 3 4 5 6 7 8 9 10 11 12 13 14 15 16 17 18 19 	20 21 22 23 24 25 26 27 28 29 30 31 32 33 34 35 36 37 38 39 	40 41 42 43 44 45 46 47 48 49 50 51 52 53 54 55 56 57 58 59 	60 61 62 63 64 65 66 67 68 69 70 71 72 73 74 75 76 77 78 79 	80 81 82 83 84 85 86 87 88 89 90 91 92 93 94 95 96 97 98 99 
Avg Sequential p50: 9000
Avg Sequential p99: 55400
Avg Sequential p999: 78400
Sequential Throughput: 1313.0243480669983

Generated sequential config: 
	0 1 2 3 4 5 6 7 8 9 10 11 12 13 14 15 16 17 18 19 	20 21 22 23 24 25 26 27 28 29 30 31 32 33 34 35 36 37 38 39 	40 41 42 43 44 45 46 47 48 49 50 51 52 53 54 55 56 57 58 59 	60 61 62 63 64 65 66 67 68 69 70 71 72 73 74 75 76 77 78 79 	80 81 82 83 84 85 86 87 88 89 90 91 92 93 94 95 96 97 98 99 
Avg Sequential p50: 9000
Avg Sequential p99: 49600
Avg Sequential p999: 72200
Sequential Throughput: 1313.5094114591218

Generated sequential config: 
	0 1 2 3 4 5 6 7 8 9 10 11 12 13 14 15 16 17 18 19 	20 21 22 23 24 25 26 27 28 29 30 31 32 33 34 35 36 37 38 39 	40 41 42 43 44 45 46 47 48 49 50 51 52 53 54 55 56 57 58 59 	60 61 62 63 64 65 66 67 68 69 70 71 72 73 74 75 76 77 78 79 	80 81 82 83 84 85 86 87 88 89 90 91 92 93 94 95 96 97 98 99 
Avg Sequential p50: 9200
Avg Sequential p99: 52600
Avg Sequential p999: 71800
Sequential Throughput: 1313.9158469747908

Generated sequential config: 
	0 1 2 3 4 5 6 7 8 9 10 11 12 13 14 15 16 17 18 19 	20 21 22 23 24 25 26 27 28 29 30 31 32 33 34 35 36 37 38 39 	40 41 42 43 44 45 46 47 48 49 50 51 52 53 54 55 56 57 58 59 	60 61 62 63 64 65 66 67 68 69 70 71 72 73 74 75 76 77 78 79 	80 81 82 83 84 85 86 87 88 89 90 91 92 93 94 95 96 97 98 99 
Avg Sequential p50: 9000
Avg Sequential p99: 55800
Avg Sequential p999: 71600
Sequential Throughput: 1313.3929635628674

Generated sequential config: 
	0 1 2 3 4 5 6 7 8 9 10 11 12 13 14 15 16 17 18 19 	20 21 22 23 24 25 26 27 28 29 30 31 32 33 34 35 36 37 38 39 	40 41 42 43 44 45 46 47 48 49 50 51 52 53 54 55 56 57 58 59 	60 61 62 63 64 65 66 67 68 69 70 71 72 73 74 75 76 77 78 79 	80 81 82 83 84 85 86 87 88 89 90 91 92 93 94 95 96 97 98 99 
Avg Sequential p50: 9200
Avg Sequential p99: 53400
Avg Sequential p999: 73600
Sequential Throughput: 1313.4593794626835

Generated sequential config: 
	0 1 2 3 4 5 6 7 8 9 10 11 12 13 14 15 16 17 18 19 	20 21 22 23 24 25 26 27 28 29 30 31 32 33 34 35 36 37 38 39 	40 41 42 43 44 45 46 47 48 49 50 51 52 53 54 55 56 57 58 59 	60 61 62 63 64 65 66 67 68 69 70 71 72 73 74 75 76 77 78 79 	80 81 82 83 84 85 86 87 88 89 90 91 92 93 94 95 96 97 98 99 
Avg Sequential p50: 8600
Avg Sequential p99: 52000
Avg Sequential p999: 96400
Sequential Throughput: 1312.4306872543293

Generated sequential config: 
	0 1 2 3 4 5 6 7 8 9 10 11 12 13 14 15 16 17 18 19 	20 21 22 23 24 25 26 27 28 29 30 31 32 33 34 35 36 37 38 39 	40 41 42 43 44 45 46 47 48 49 50 51 52 53 54 55 56 57 58 59 	60 61 62 63 64 65 66 67 68 69 70 71 72 73 74 75 76 77 78 79 	80 81 82 83 84 85 86 87 88 89 90 91 92 93 94 95 96 97 98 99 
Avg Sequential p50: 9200
Avg Sequential p99: 51800
Avg Sequential p999: 93400
Sequential Throughput: 1314.063036917944

Generated sequential config: 
	0 1 2 3 4 5 6 7 8 9 10 11 12 13 14 15 16 17 18 19 	20 21 22 23 24 25 26 27 28 29 30 31 32 33 34 35 36 37 38 39 	40 41 42 43 44 45 46 47 48 49 50 51 52 53 54 55 56 57 58 59 	60 61 62 63 64 65 66 67 68 69 70 71 72 73 74 75 76 77 78 79 	80 81 82 83 84 85 86 87 88 89 90 91 92 93 94 95 96 97 98 99 
Avg Sequential p50: 8800
Avg Sequential p99: 46800
Avg Sequential p999: 67000
Sequential Throughput: 1313.309737535049

Generated sequential config: 
	0 1 2 3 4 5 6 7 8 9 10 11 12 13 14 15 16 17 18 19 	20 21 22 23 24 25 26 27 28 29 30 31 32 33 34 35 36 37 38 39 	40 41 42 43 44 45 46 47 48 49 50 51 52 53 54 55 56 57 58 59 	60 61 62 63 64 65 66 67 68 69 70 71 72 73 74 75 76 77 78 79 	80 81 82 83 84 85 86 87 88 89 90 91 92 93 94 95 96 97 98 99 
Avg Sequential p50: 9000
Avg Sequential p99: 57200
Avg Sequential p999: 83000
Sequential Throughput: 1313.3343161451799

Generated sequential config: 
	0 1 2 3 4 5 6 7 8 9 10 11 12 13 14 15 16 17 18 19 	20 21 22 23 24 25 26 27 28 29 30 31 32 33 34 35 36 37 38 39 	40 41 42 43 44 45 46 47 48 49 50 51 52 53 54 55 56 57 58 59 	60 61 62 63 64 65 66 67 68 69 70 71 72 73 74 75 76 77 78 79 	80 81 82 83 84 85 86 87 88 89 90 91 92 93 94 95 96 97 98 99 
Avg Sequential p50: 9400
Avg Sequential p99: 58400
Avg Sequential p999: 82400
Sequential Throughput: 1313.81615639142

Generated sequential config: 
	0 1 2 3 4 5 6 7 8 9 10 11 12 13 14 15 16 17 18 19 	20 21 22 23 24 25 26 27 28 29 30 31 32 33 34 35 36 37 38 39 	40 41 42 43 44 45 46 47 48 49 50 51 52 53 54 55 56 57 58 59 	60 61 62 63 64 65 66 67 68 69 70 71 72 73 74 75 76 77 78 79 	80 81 82 83 84 85 86 87 88 89 90 91 92 93 94 95 96 97 98 99 
Avg Sequential p50: 8800
Avg Sequential p99: 69000
Avg Sequential p999: 112000
Sequential Throughput: 1313.001505027975

Generated sequential config: 
	0 1 2 3 4 5 6 7 8 9 10 11 12 13 14 15 16 17 18 19 	20 21 22 23 24 25 26 27 28 29 30 31 32 33 34 35 36 37 38 39 	40 41 42 43 44 45 46 47 48 49 50 51 52 53 54 55 56 57 58 59 	60 61 62 63 64 65 66 67 68 69 70 71 72 73 74 75 76 77 78 79 	80 81 82 83 84 85 86 87 88 89 90 91 92 93 94 95 96 97 98 99 
Avg Sequential p50: 9200
Avg Sequential p99: 47200
Avg Sequential p999: 60800
Sequential Throughput: 1313.4201328918489

Generated sequential config: 
	0 1 2 3 4 5 6 7 8 9 10 11 12 13 14 15 16 17 18 19 	20 21 22 23 24 25 26 27 28 29 30 31 32 33 34 35 36 37 38 39 	40 41 42 43 44 45 46 47 48 49 50 51 52 53 54 55 56 57 58 59 	60 61 62 63 64 65 66 67 68 69 70 71 72 73 74 75 76 77 78 79 	80 81 82 83 84 85 86 87 88 89 90 91 92 93 94 95 96 97 98 99 
Avg Sequential p50: 9200
Avg Sequential p99: 50200
Avg Sequential p999: 72000
Sequential Throughput: 1314.103617070206

Generated sequential config: 
	0 1 2 3 4 5 6 7 8 9 10 11 12 13 14 15 16 17 18 19 	20 21 22 23 24 25 26 27 28 29 30 31 32 33 34 35 36 37 38 39 	40 41 42 43 44 45 46 47 48 49 50 51 52 53 54 55 56 57 58 59 	60 61 62 63 64 65 66 67 68 69 70 71 72 73 74 75 76 77 78 79 	80 81 82 83 84 85 86 87 88 89 90 91 92 93 94 95 96 97 98 99 
Avg Sequential p50: 8600
Avg Sequential p99: 53400
Avg Sequential p999: 83600
Sequential Throughput: 1312.5792674823253

Generated sequential config: 
	0 1 2 3 4 5 6 7 8 9 10 11 12 13 14 15 16 17 18 19 	20 21 22 23 24 25 26 27 28 29 30 31 32 33 34 35 36 37 38 39 	40 41 42 43 44 45 46 47 48 49 50 51 52 53 54 55 56 57 58 59 	60 61 62 63 64 65 66 67 68 69 70 71 72 73 74 75 76 77 78 79 	80 81 82 83 84 85 86 87 88 89 90 91 92 93 94 95 96 97 98 99 
Avg Sequential p50: 8800
Avg Sequential p99: 53200
Avg Sequential p999: 69000
Sequential Throughput: 1313.1196077974357

Generated sequential config: 
	0 1 2 3 4 5 6 7 8 9 10 11 12 13 14 15 16 17 18 19 	20 21 22 23 24 25 26 27 28 29 30 31 32 33 34 35 36 37 38 39 	40 41 42 43 44 45 46 47 48 49 50 51 52 53 54 55 56 57 58 59 	60 61 62 63 64 65 66 67 68 69 70 71 72 73 74 75 76 77 78 79 	80 81 82 83 84 85 86 87 88 89 90 91 92 93 94 95 96 97 98 99 
Avg Sequential p50: 9200
Avg Sequential p99: 52800
Avg Sequential p999: 75000
Sequential Throughput: 1313.7876761460827

Generated sequential config: 
	0 1 2 3 4 5 6 7 8 9 10 11 12 13 14 15 16 17 18 19 	20 21 22 23 24 25 26 27 28 29 30 31 32 33 34 35 36 37 38 39 	40 41 42 43 44 45 46 47 48 49 50 51 52 53 54 55 56 57 58 59 	60 61 62 63 64 65 66 67 68 69 70 71 72 73 74 75 76 77 78 79 	80 81 82 83 84 85 86 87 88 89 90 91 92 93 94 95 96 97 98 99 
Avg Sequential p50: 8600
Avg Sequential p99: 47600
Avg Sequential p999: 69400
Sequential Throughput: 1312.5189700007384

Generated sequential config: 
	0 1 2 3 4 5 6 7 8 9 10 11 12 13 14 15 16 17 18 19 	20 21 22 23 24 25 26 27 28 29 30 31 32 33 34 35 36 37 38 39 	40 41 42 43 44 45 46 47 48 49 50 51 52 53 54 55 56 57 58 59 	60 61 62 63 64 65 66 67 68 69 70 71 72 73 74 75 76 77 78 79 	80 81 82 83 84 85 86 87 88 89 90 91 92 93 94 95 96 97 98 99 
Avg Sequential p50: 8800
Avg Sequential p99: 49800
Avg Sequential p999: 69000
Sequential Throughput: 1313.3338849335648

Generated sequential config: 
	0 1 2 3 4 5 6 7 8 9 10 11 12 13 14 15 16 17 18 19 	20 21 22 23 24 25 26 27 28 29 30 31 32 33 34 35 36 37 38 39 	40 41 42 43 44 45 46 47 48 49 50 51 52 53 54 55 56 57 58 59 	60 61 62 63 64 65 66 67 68 69 70 71 72 73 74 75 76 77 78 79 	80 81 82 83 84 85 86 87 88 89 90 91 92 93 94 95 96 97 98 99 
Avg Sequential p50: 9400
Avg Sequential p99: 52200
Avg Sequential p999: 71200
Sequential Throughput: 1313.9546915573485

Generated sequential config: 
	0 1 2 3 4 5 6 7 8 9 10 11 12 13 14 15 16 17 18 19 	20 21 22 23 24 25 26 27 28 29 30 31 32 33 34 35 36 37 38 39 	40 41 42 43 44 45 46 47 48 49 50 51 52 53 54 55 56 57 58 59 	60 61 62 63 64 65 66 67 68 69 70 71 72 73 74 75 76 77 78 79 	80 81 82 83 84 85 86 87 88 89 90 91 92 93 94 95 96 97 98 99 
Avg Sequential p50: 8800
Avg Sequential p99: 50400
Avg Sequential p999: 78400
Sequential Throughput: 1313.2127256879182

Generated sequential config: 
	0 1 2 3 4 5 6 7 8 9 10 11 12 13 14 15 16 17 18 19 	20 21 22 23 24 25 26 27 28 29 30 31 32 33 34 35 36 37 38 39 	40 41 42 43 44 45 46 47 48 49 50 51 52 53 54 55 56 57 58 59 	60 61 62 63 64 65 66 67 68 69 70 71 72 73 74 75 76 77 78 79 	80 81 82 83 84 85 86 87 88 89 90 91 92 93 94 95 96 97 98 99 
Avg Sequential p50: 8800
Avg Sequential p99: 55000
Avg Sequential p999: 76000
Sequential Throughput: 1313.032537274532

Generated sequential config: 
	0 1 2 3 4 5 6 7 8 9 10 11 12 13 14 15 16 17 18 19 	20 21 22 23 24 25 26 27 28 29 30 31 32 33 34 35 36 37 38 39 	40 41 42 43 44 45 46 47 48 49 50 51 52 53 54 55 56 57 58 59 	60 61 62 63 64 65 66 67 68 69 70 71 72 73 74 75 76 77 78 79 	80 81 82 83 84 85 86 87 88 89 90 91 92 93 94 95 96 97 98 99 
Avg Sequential p50: 9200
Avg Sequential p99: 52200
Avg Sequential p999: 74400
Sequential Throughput: 1312.948494999964

Generated sequential config: 
	0 1 2 3 4 5 6 7 8 9 10 11 12 13 14 15 16 17 18 19 	20 21 22 23 24 25 26 27 28 29 30 31 32 33 34 35 36 37 38 39 	40 41 42 43 44 45 46 47 48 49 50 51 52 53 54 55 56 57 58 59 	60 61 62 63 64 65 66 67 68 69 70 71 72 73 74 75 76 77 78 79 	80 81 82 83 84 85 86 87 88 89 90 91 92 93 94 95 96 97 98 99 
Avg Sequential p50: 8600
Avg Sequential p99: 47200
Avg Sequential p999: 64600
Sequential Throughput: 1312.9140192302516

Generated sequential config: 
	0 1 2 3 4 5 6 7 8 9 10 11 12 13 14 15 16 17 18 19 	20 21 22 23 24 25 26 27 28 29 30 31 32 33 34 35 36 37 38 39 	40 41 42 43 44 45 46 47 48 49 50 51 52 53 54 55 56 57 58 59 	60 61 62 63 64 65 66 67 68 69 70 71 72 73 74 75 76 77 78 79 	80 81 82 83 84 85 86 87 88 89 90 91 92 93 94 95 96 97 98 99 
Avg Sequential p50: 8800
Avg Sequential p99: 54800
Avg Sequential p999: 80400
Sequential Throughput: 1313.377869976904

Generated sequential config: 
	0 1 2 3 4 5 6 7 8 9 10 11 12 13 14 15 16 17 18 19 	20 21 22 23 24 25 26 27 28 29 30 31 32 33 34 35 36 37 38 39 	40 41 42 43 44 45 46 47 48 49 50 51 52 53 54 55 56 57 58 59 	60 61 62 63 64 65 66 67 68 69 70 71 72 73 74 75 76 77 78 79 	80 81 82 83 84 85 86 87 88 89 90 91 92 93 94 95 96 97 98 99 
Avg Sequential p50: 8800
Avg Sequential p99: 53200
Avg Sequential p999: 69200
Sequential Throughput: 1312.9631477503688

Generated sequential config: 
	0 1 2 3 4 5 6 7 8 9 10 11 12 13 14 15 16 17 18 19 	20 21 22 23 24 25 26 27 28 29 30 31 32 33 34 35 36 37 38 39 	40 41 42 43 44 45 46 47 48 49 50 51 52 53 54 55 56 57 58 59 	60 61 62 63 64 65 66 67 68 69 70 71 72 73 74 75 76 77 78 79 	80 81 82 83 84 85 86 87 88 89 90 91 92 93 94 95 96 97 98 99 
Avg Sequential p50: 8800
Avg Sequential p99: 55200
Avg Sequential p999: 73400
Sequential Throughput: 1313.0269341214998

Generated sequential config: 
	0 1 2 3 4 5 6 7 8 9 10 11 12 13 14 15 16 17 18 19 	20 21 22 23 24 25 26 27 28 29 30 31 32 33 34 35 36 37 38 39 	40 41 42 43 44 45 46 47 48 49 50 51 52 53 54 55 56 57 58 59 	60 61 62 63 64 65 66 67 68 69 70 71 72 73 74 75 76 77 78 79 	80 81 82 83 84 85 86 87 88 89 90 91 92 93 94 95 96 97 98 99 
Avg Sequential p50: 8800
Avg Sequential p99: 58400
Avg Sequential p999: 82600
Sequential Throughput: 1312.771825816183

Generated sequential config: 
	0 1 2 3 4 5 6 7 8 9 10 11 12 13 14 15 16 17 18 19 	20 21 22 23 24 25 26 27 28 29 30 31 32 33 34 35 36 37 38 39 	40 41 42 43 44 45 46 47 48 49 50 51 52 53 54 55 56 57 58 59 	60 61 62 63 64 65 66 67 68 69 70 71 72 73 74 75 76 77 78 79 	80 81 82 83 84 85 86 87 88 89 90 91 92 93 94 95 96 97 98 99 
Avg Sequential p50: 8800
Avg Sequential p99: 54200
Avg Sequential p999: 70800
Sequential Throughput: 1312.8071558492452

Generated sequential config: 
	0 1 2 3 4 5 6 7 8 9 10 11 12 13 14 15 16 17 18 19 	20 21 22 23 24 25 26 27 28 29 30 31 32 33 34 35 36 37 38 39 	40 41 42 43 44 45 46 47 48 49 50 51 52 53 54 55 56 57 58 59 	60 61 62 63 64 65 66 67 68 69 70 71 72 73 74 75 76 77 78 79 	80 81 82 83 84 85 86 87 88 89 90 91 92 93 94 95 96 97 98 99 
Avg Sequential p50: 9200
Avg Sequential p99: 58600
Avg Sequential p999: 106200
Sequential Throughput: 1313.7026742716914

Generated sequential config: 
	0 1 2 3 4 5 6 7 8 9 10 11 12 13 14 15 16 17 18 19 	20 21 22 23 24 25 26 27 28 29 30 31 32 33 34 35 36 37 38 39 	40 41 42 43 44 45 46 47 48 49 50 51 52 53 54 55 56 57 58 59 	60 61 62 63 64 65 66 67 68 69 70 71 72 73 74 75 76 77 78 79 	80 81 82 83 84 85 86 87 88 89 90 91 92 93 94 95 96 97 98 99 
Avg Sequential p50: 8800
Avg Sequential p99: 54200
Avg Sequential p999: 81600
Sequential Throughput: 1313.4964717842897

Generated sequential config: 
	0 1 2 3 4 5 6 7 8 9 10 11 12 13 14 15 16 17 18 19 	20 21 22 23 24 25 26 27 28 29 30 31 32 33 34 35 36 37 38 39 	40 41 42 43 44 45 46 47 48 49 50 51 52 53 54 55 56 57 58 59 	60 61 62 63 64 65 66 67 68 69 70 71 72 73 74 75 76 77 78 79 	80 81 82 83 84 85 86 87 88 89 90 91 92 93 94 95 96 97 98 99 
Avg Sequential p50: 9200
Avg Sequential p99: 52200
Avg Sequential p999: 81200
Sequential Throughput: 1313.8929729062131

Generated sequential config: 
	0 1 2 3 4 5 6 7 8 9 10 11 12 13 14 15 16 17 18 19 	20 21 22 23 24 25 26 27 28 29 30 31 32 33 34 35 36 37 38 39 	40 41 42 43 44 45 46 47 48 49 50 51 52 53 54 55 56 57 58 59 	60 61 62 63 64 65 66 67 68 69 70 71 72 73 74 75 76 77 78 79 	80 81 82 83 84 85 86 87 88 89 90 91 92 93 94 95 96 97 98 99 
Avg Sequential p50: 8600
Avg Sequential p99: 56000
Avg Sequential p999: 98600
Sequential Throughput: 1312.8170658341658

Generated sequential config: 
	0 1 2 3 4 5 6 7 8 9 10 11 12 13 14 15 16 17 18 19 	20 21 22 23 24 25 26 27 28 29 30 31 32 33 34 35 36 37 38 39 	40 41 42 43 44 45 46 47 48 49 50 51 52 53 54 55 56 57 58 59 	60 61 62 63 64 65 66 67 68 69 70 71 72 73 74 75 76 77 78 79 	80 81 82 83 84 85 86 87 88 89 90 91 92 93 94 95 96 97 98 99 
Avg Sequential p50: 9000
Avg Sequential p99: 50400
Avg Sequential p999: 71000
Sequential Throughput: 1313.650901870606

Generated sequential config: 
	0 1 2 3 4 5 6 7 8 9 10 11 12 13 14 15 16 17 18 19 	20 21 22 23 24 25 26 27 28 29 30 31 32 33 34 35 36 37 38 39 	40 41 42 43 44 45 46 47 48 49 50 51 52 53 54 55 56 57 58 59 	60 61 62 63 64 65 66 67 68 69 70 71 72 73 74 75 76 77 78 79 	80 81 82 83 84 85 86 87 88 89 90 91 92 93 94 95 96 97 98 99 
Avg Sequential p50: 8800
Avg Sequential p99: 50400
Avg Sequential p999: 69200
Sequential Throughput: 1312.6559394235537

Generated sequential config: 
	0 1 2 3 4 5 6 7 8 9 10 11 12 13 14 15 16 17 18 19 	20 21 22 23 24 25 26 27 28 29 30 31 32 33 34 35 36 37 38 39 	40 41 42 43 44 45 46 47 48 49 50 51 52 53 54 55 56 57 58 59 	60 61 62 63 64 65 66 67 68 69 70 71 72 73 74 75 76 77 78 79 	80 81 82 83 84 85 86 87 88 89 90 91 92 93 94 95 96 97 98 99 
Avg Sequential p50: 8800
Avg Sequential p99: 47200
Avg Sequential p999: 65200
Sequential Throughput: 1312.9795247408015

Generated sequential config: 
	0 1 2 3 4 5 6 7 8 9 10 11 12 13 14 15 16 17 18 19 	20 21 22 23 24 25 26 27 28 29 30 31 32 33 34 35 36 37 38 39 	40 41 42 43 44 45 46 47 48 49 50 51 52 53 54 55 56 57 58 59 	60 61 62 63 64 65 66 67 68 69 70 71 72 73 74 75 76 77 78 79 	80 81 82 83 84 85 86 87 88 89 90 91 92 93 94 95 96 97 98 99 
Avg Sequential p50: 8600
Avg Sequential p99: 60400
Avg Sequential p999: 81800
Sequential Throughput: 1312.3755703912323

Generated sequential config: 
	0 1 2 3 4 5 6 7 8 9 10 11 12 13 14 15 16 17 18 19 	20 21 22 23 24 25 26 27 28 29 30 31 32 33 34 35 36 37 38 39 	40 41 42 43 44 45 46 47 48 49 50 51 52 53 54 55 56 57 58 59 	60 61 62 63 64 65 66 67 68 69 70 71 72 73 74 75 76 77 78 79 	80 81 82 83 84 85 86 87 88 89 90 91 92 93 94 95 96 97 98 99 
Avg Sequential p50: 9200
Avg Sequential p99: 51600
Avg Sequential p999: 63400
Sequential Throughput: 1313.9464908431069

Generated sequential config: 
	0 1 2 3 4 5 6 7 8 9 10 11 12 13 14 15 16 17 18 19 	20 21 22 23 24 25 26 27 28 29 30 31 32 33 34 35 36 37 38 39 	40 41 42 43 44 45 46 47 48 49 50 51 52 53 54 55 56 57 58 59 	60 61 62 63 64 65 66 67 68 69 70 71 72 73 74 75 76 77 78 79 	80 81 82 83 84 85 86 87 88 89 90 91 92 93 94 95 96 97 98 99 
Avg Sequential p50: 9200
Avg Sequential p99: 53600
Avg Sequential p999: 75000
Sequential Throughput: 1313.529252789033

Generated sequential config: 
	0 1 2 3 4 5 6 7 8 9 10 11 12 13 14 15 16 17 18 19 	20 21 22 23 24 25 26 27 28 29 30 31 32 33 34 35 36 37 38 39 	40 41 42 43 44 45 46 47 48 49 50 51 52 53 54 55 56 57 58 59 	60 61 62 63 64 65 66 67 68 69 70 71 72 73 74 75 76 77 78 79 	80 81 82 83 84 85 86 87 88 89 90 91 92 93 94 95 96 97 98 99 
Avg Sequential p50: 9200
Avg Sequential p99: 58800
Avg Sequential p999: 114000
Sequential Throughput: 1313.5521141949666

Generated sequential config: 
	0 1 2 3 4 5 6 7 8 9 10 11 12 13 14 15 16 17 18 19 	20 21 22 23 24 25 26 27 28 29 30 31 32 33 34 35 36 37 38 39 	40 41 42 43 44 45 46 47 48 49 50 51 52 53 54 55 56 57 58 59 	60 61 62 63 64 65 66 67 68 69 70 71 72 73 74 75 76 77 78 79 	80 81 82 83 84 85 86 87 88 89 90 91 92 93 94 95 96 97 98 99 
Avg Sequential p50: 9400
Avg Sequential p99: 59400
Avg Sequential p999: 94800
Sequential Throughput: 1313.939585057879

Generated sequential config: 
	0 1 2 3 4 5 6 7 8 9 10 11 12 13 14 15 16 17 18 19 	20 21 22 23 24 25 26 27 28 29 30 31 32 33 34 35 36 37 38 39 	40 41 42 43 44 45 46 47 48 49 50 51 52 53 54 55 56 57 58 59 	60 61 62 63 64 65 66 67 68 69 70 71 72 73 74 75 76 77 78 79 	80 81 82 83 84 85 86 87 88 89 90 91 92 93 94 95 96 97 98 99 
Avg Sequential p50: 8800
Avg Sequential p99: 52400
Avg Sequential p999: 71600
Sequential Throughput: 1313.4494597782373

Generated sequential config: 
	0 1 2 3 4 5 6 7 8 9 10 11 12 13 14 15 16 17 18 19 	20 21 22 23 24 25 26 27 28 29 30 31 32 33 34 35 36 37 38 39 	40 41 42 43 44 45 46 47 48 49 50 51 52 53 54 55 56 57 58 59 	60 61 62 63 64 65 66 67 68 69 70 71 72 73 74 75 76 77 78 79 	80 81 82 83 84 85 86 87 88 89 90 91 92 93 94 95 96 97 98 99 
Avg Sequential p50: 9000
Avg Sequential p99: 58000
Avg Sequential p999: 81400
Sequential Throughput: 1313.3252607607305

Generated sequential config: 
	0 1 2 3 4 5 6 7 8 9 10 11 12 13 14 15 16 17 18 19 	20 21 22 23 24 25 26 27 28 29 30 31 32 33 34 35 36 37 38 39 	40 41 42 43 44 45 46 47 48 49 50 51 52 53 54 55 56 57 58 59 	60 61 62 63 64 65 66 67 68 69 70 71 72 73 74 75 76 77 78 79 	80 81 82 83 84 85 86 87 88 89 90 91 92 93 94 95 96 97 98 99 
Avg Sequential p50: 9200
Avg Sequential p99: 52800
Avg Sequential p999: 73200
Sequential Throughput: 1313.6966339479573

Generated sequential config: 
	0 1 2 3 4 5 6 7 8 9 10 11 12 13 14 15 16 17 18 19 	20 21 22 23 24 25 26 27 28 29 30 31 32 33 34 35 36 37 38 39 	40 41 42 43 44 45 46 47 48 49 50 51 52 53 54 55 56 57 58 59 	60 61 62 63 64 65 66 67 68 69 70 71 72 73 74 75 76 77 78 79 	80 81 82 83 84 85 86 87 88 89 90 91 92 93 94 95 96 97 98 99 
Avg Sequential p50: 8800
Avg Sequential p99: 57400
Avg Sequential p999: 86000
Sequential Throughput: 1313.144610378504

Generated sequential config: 
	0 1 2 3 4 5 6 7 8 9 10 11 12 13 14 15 16 17 18 19 	20 21 22 23 24 25 26 27 28 29 30 31 32 33 34 35 36 37 38 39 	40 41 42 43 44 45 46 47 48 49 50 51 52 53 54 55 56 57 58 59 	60 61 62 63 64 65 66 67 68 69 70 71 72 73 74 75 76 77 78 79 	80 81 82 83 84 85 86 87 88 89 90 91 92 93 94 95 96 97 98 99 
Avg Sequential p50: 9000
Avg Sequential p99: 52400
Avg Sequential p999: 76200
Sequential Throughput: 1313.0571055100474

Generated sequential config: 
	0 1 2 3 4 5 6 7 8 9 10 11 12 13 14 15 16 17 18 19 	20 21 22 23 24 25 26 27 28 29 30 31 32 33 34 35 36 37 38 39 	40 41 42 43 44 45 46 47 48 49 50 51 52 53 54 55 56 57 58 59 	60 61 62 63 64 65 66 67 68 69 70 71 72 73 74 75 76 77 78 79 	80 81 82 83 84 85 86 87 88 89 90 91 92 93 94 95 96 97 98 99 
Avg Sequential p50: 8800
Avg Sequential p99: 50800
Avg Sequential p999: 70600
Sequential Throughput: 1313.137713019662

Generated sequential config: 
	0 1 2 3 4 5 6 7 8 9 10 11 12 13 14 15 16 17 18 19 	20 21 22 23 24 25 26 27 28 29 30 31 32 33 34 35 36 37 38 39 	40 41 42 43 44 45 46 47 48 49 50 51 52 53 54 55 56 57 58 59 	60 61 62 63 64 65 66 67 68 69 70 71 72 73 74 75 76 77 78 79 	80 81 82 83 84 85 86 87 88 89 90 91 92 93 94 95 96 97 98 99 
Avg Sequential p50: 9000
Avg Sequential p99: 53400
Avg Sequential p999: 76800
Sequential Throughput: 1313.1230563727013

Generated sequential config: 
	0 1 2 3 4 5 6 7 8 9 10 11 12 13 14 15 16 17 18 19 	20 21 22 23 24 25 26 27 28 29 30 31 32 33 34 35 36 37 38 39 	40 41 42 43 44 45 46 47 48 49 50 51 52 53 54 55 56 57 58 59 	60 61 62 63 64 65 66 67 68 69 70 71 72 73 74 75 76 77 78 79 	80 81 82 83 84 85 86 87 88 89 90 91 92 93 94 95 96 97 98 99 
Avg Sequential p50: 9200
Avg Sequential p99: 51600
Avg Sequential p999: 70400
Sequential Throughput: 1313.7535877789387

Generated sequential config: 
	0 1 2 3 4 5 6 7 8 9 10 11 12 13 14 15 16 17 18 19 	20 21 22 23 24 25 26 27 28 29 30 31 32 33 34 35 36 37 38 39 	40 41 42 43 44 45 46 47 48 49 50 51 52 53 54 55 56 57 58 59 	60 61 62 63 64 65 66 67 68 69 70 71 72 73 74 75 76 77 78 79 	80 81 82 83 84 85 86 87 88 89 90 91 92 93 94 95 96 97 98 99 
Avg Sequential p50: 8800
Avg Sequential p99: 45800
Avg Sequential p999: 60400
Sequential Throughput: 1313.0515021473313

Generated sequential config: 
	0 1 2 3 4 5 6 7 8 9 10 11 12 13 14 15 16 17 18 19 	20 21 22 23 24 25 26 27 28 29 30 31 32 33 34 35 36 37 38 39 	40 41 42 43 44 45 46 47 48 49 50 51 52 53 54 55 56 57 58 59 	60 61 62 63 64 65 66 67 68 69 70 71 72 73 74 75 76 77 78 79 	80 81 82 83 84 85 86 87 88 89 90 91 92 93 94 95 96 97 98 99 
Avg Sequential p50: 9000
Avg Sequential p99: 47000
Avg Sequential p999: 72400
Sequential Throughput: 1313.6983597490703

Generated sequential config: 
	0 1 2 3 4 5 6 7 8 9 10 11 12 13 14 15 16 17 18 19 	20 21 22 23 24 25 26 27 28 29 30 31 32 33 34 35 36 37 38 39 	40 41 42 43 44 45 46 47 48 49 50 51 52 53 54 55 56 57 58 59 	60 61 62 63 64 65 66 67 68 69 70 71 72 73 74 75 76 77 78 79 	80 81 82 83 84 85 86 87 88 89 90 91 92 93 94 95 96 97 98 99 
Avg Sequential p50: 8800
Avg Sequential p99: 57800
Avg Sequential p999: 111200
Sequential Throughput: 1312.9010912833871

Generated sequential config: 
	0 1 2 3 4 5 6 7 8 9 10 11 12 13 14 15 16 17 18 19 	20 21 22 23 24 25 26 27 28 29 30 31 32 33 34 35 36 37 38 39 	40 41 42 43 44 45 46 47 48 49 50 51 52 53 54 55 56 57 58 59 	60 61 62 63 64 65 66 67 68 69 70 71 72 73 74 75 76 77 78 79 	80 81 82 83 84 85 86 87 88 89 90 91 92 93 94 95 96 97 98 99 
Avg Sequential p50: 9000
Avg Sequential p99: 50200
Avg Sequential p999: 69600
Sequential Throughput: 1313.2692063979848

Generated sequential config: 
	0 1 2 3 4 5 6 7 8 9 10 11 12 13 14 15 16 17 18 19 	20 21 22 23 24 25 26 27 28 29 30 31 32 33 34 35 36 37 38 39 	40 41 42 43 44 45 46 47 48 49 50 51 52 53 54 55 56 57 58 59 	60 61 62 63 64 65 66 67 68 69 70 71 72 73 74 75 76 77 78 79 	80 81 82 83 84 85 86 87 88 89 90 91 92 93 94 95 96 97 98 99 
Avg Sequential p50: 8800
Avg Sequential p99: 49000
Avg Sequential p999: 72800
Sequential Throughput: 1312.9553903711792

Generated sequential config: 
	0 1 2 3 4 5 6 7 8 9 10 11 12 13 14 15 16 17 18 19 	20 21 22 23 24 25 26 27 28 29 30 31 32 33 34 35 36 37 38 39 	40 41 42 43 44 45 46 47 48 49 50 51 52 53 54 55 56 57 58 59 	60 61 62 63 64 65 66 67 68 69 70 71 72 73 74 75 76 77 78 79 	80 81 82 83 84 85 86 87 88 89 90 91 92 93 94 95 96 97 98 99 
Avg Sequential p50: 8600
Avg Sequential p99: 49600
Avg Sequential p999: 71800
Sequential Throughput: 1312.553425026128

Generated sequential config: 
	0 1 2 3 4 5 6 7 8 9 10 11 12 13 14 15 16 17 18 19 	20 21 22 23 24 25 26 27 28 29 30 31 32 33 34 35 36 37 38 39 	40 41 42 43 44 45 46 47 48 49 50 51 52 53 54 55 56 57 58 59 	60 61 62 63 64 65 66 67 68 69 70 71 72 73 74 75 76 77 78 79 	80 81 82 83 84 85 86 87 88 89 90 91 92 93 94 95 96 97 98 99 
Avg Sequential p50: 9000
Avg Sequential p99: 49200
Avg Sequential p999: 72200
Sequential Throughput: 1313.3213799199073

Generated sequential config: 
	0 1 2 3 4 5 6 7 8 9 10 11 12 13 14 15 16 17 18 19 	20 21 22 23 24 25 26 27 28 29 30 31 32 33 34 35 36 37 38 39 	40 41 42 43 44 45 46 47 48 49 50 51 52 53 54 55 56 57 58 59 	60 61 62 63 64 65 66 67 68 69 70 71 72 73 74 75 76 77 78 79 	80 81 82 83 84 85 86 87 88 89 90 91 92 93 94 95 96 97 98 99 
Avg Sequential p50: 8600
Avg Sequential p99: 54800
Avg Sequential p999: 81800
Sequential Throughput: 1312.781735267717

Generated sequential config: 
	0 1 2 3 4 5 6 7 8 9 10 11 12 13 14 15 16 17 18 19 	20 21 22 23 24 25 26 27 28 29 30 31 32 33 34 35 36 37 38 39 	40 41 42 43 44 45 46 47 48 49 50 51 52 53 54 55 56 57 58 59 	60 61 62 63 64 65 66 67 68 69 70 71 72 73 74 75 76 77 78 79 	80 81 82 83 84 85 86 87 88 89 90 91 92 93 94 95 96 97 98 99 
Avg Sequential p50: 8400
Avg Sequential p99: 47200
Avg Sequential p999: 67600
Sequential Throughput: 1312.0389413157782

Generated sequential config: 
	0 1 2 3 4 5 6 7 8 9 10 11 12 13 14 15 16 17 18 19 	20 21 22 23 24 25 26 27 28 29 30 31 32 33 34 35 36 37 38 39 	40 41 42 43 44 45 46 47 48 49 50 51 52 53 54 55 56 57 58 59 	60 61 62 63 64 65 66 67 68 69 70 71 72 73 74 75 76 77 78 79 	80 81 82 83 84 85 86 87 88 89 90 91 92 93 94 95 96 97 98 99 
Avg Sequential p50: 9000
Avg Sequential p99: 57600
Avg Sequential p999: 81800
Sequential Throughput: 1313.3101687308072

Generated sequential config: 
	0 1 2 3 4 5 6 7 8 9 10 11 12 13 14 15 16 17 18 19 	20 21 22 23 24 25 26 27 28 29 30 31 32 33 34 35 36 37 38 39 	40 41 42 43 44 45 46 47 48 49 50 51 52 53 54 55 56 57 58 59 	60 61 62 63 64 65 66 67 68 69 70 71 72 73 74 75 76 77 78 79 	80 81 82 83 84 85 86 87 88 89 90 91 92 93 94 95 96 97 98 99 
Avg Sequential p50: 8600
Avg Sequential p99: 49200
Avg Sequential p999: 71200
Sequential Throughput: 1313.0627089205868
